# Size: 88290(327x270), n valid: 60796
# unw cov thre: 0.3, coh thre: 0.2
# ifg dates         bperp   dt unw cov  coh av
20171117 20171123  -101.3    6   0.998   0.520 
20171117 20171129   -49.9   12   0.994   0.546 
20171117 20171205    59.9   18   0.997   0.519 
20171117 20171211   -68.9   24   0.737   0.411 
20171117 20171217    47.0   30   0.995   0.441 
20171123 20171129    51.4    6   0.994   0.660 
20171123 20171205   161.3   12   0.999   0.546 
20171123 20171211    32.4   18   0.740   0.543 
20171123 20171217   148.3   24   0.998   0.484 
20171123 20171223    17.9   30   0.998   0.492 
20171129 20171205   109.9    6   0.994   0.680 
20171129 20171211   -19.0   12   0.741   0.606 
20171129 20171217    96.9   18   0.994   0.570 
20171129 20171223   -33.5   24   0.993   0.580 
20171205 20171211  -128.8    6   0.741   0.580 
20171205 20171217   -13.0   12   0.999   0.639 
20171205 20171223  -143.3   18   0.999   0.572 
20171205 20171229    -2.3   24   1.000   0.587 
20171211 20171217   115.9    6   0.741   0.652 
20171211 20171223   -14.5   12   0.741   0.651 
20171211 20171229   126.5   18   0.741   0.570 
20171211 20180104    44.9   24   0.740   0.593 
20171217 20171223  -130.4    6   0.999   0.679 
20171217 20171229    10.6   12   0.999   0.697 
20171217 20180104   -71.0   18   0.997   0.575 
20171217 20180110   -93.8   24   0.994   0.588 
20171223 20171229   141.0    6   0.999   0.681 
20171223 20180104    59.4   12   0.998   0.622 
20171223 20180110    36.6   18   0.999   0.612 
20171223 20180116    79.8   24   0.994   0.606 
20171229 20180104   -81.6    6   0.998   0.646 
20171229 20180110  -104.4   12   0.999   0.646 
20171229 20180116   -61.2   18   0.999   0.625 
20171229 20180122  -150.4   24   0.992   0.530 
20180104 20180110   -22.8    6   1.000   0.686 
20180104 20180116    20.4   12   0.999   0.667 
20180104 20180122   -68.8   18   0.994   0.596 
20180104 20180128    28.0   24   0.992   0.589 
20180110 20180116    43.2    6   0.999   0.719 
20180110 20180122   -45.9   12   0.996   0.638 
20180110 20180128    50.9   18   0.992   0.595 
20180110 20180203     2.4   24   0.999   0.612 
20180116 20180122   -89.1    6   0.996   0.638 
20180116 20180128     7.7   12   0.993   0.626 
20180116 20180203   -40.8   18   0.999   0.607 
20180116 20180209   -40.3   24   0.994   0.602 
20180116 20180305   -75.3   48   0.985   0.277 
20180122 20180128    96.8    6   0.993   0.671 
20180122 20180203    48.3   12   0.995   0.632 
20180122 20180209    48.8   18   0.994   0.588 
20180122 20180215    71.7   24   0.993   0.560 
20180122 20180305    13.9   42   0.983   0.286 
20180122 20180311    54.7   48   0.979   0.271 
20180128 20180203   -48.5    6   0.994   0.670 
20180128 20180209   -48.0   12   0.993   0.624 
20180128 20180215   -25.1   18   0.992   0.591 
20180128 20180221   -56.6   24   0.991   0.353 
20180203 20180209     0.5    6   0.994   0.729 
20180203 20180215    23.4   12   0.994   0.601 
20180203 20180221    -8.1   18   0.992   0.357 
20180203 20180227     5.9   24   0.988   0.291 
20180203 20180305   -34.5   30   0.992   0.314 
20180203 20180311     6.4   36   0.990   0.312 
20180203 20180317    27.2   42   0.983   0.271 
20180209 20180215    22.9    6   0.994   0.615 
20180209 20180221    -8.6   12   0.993   0.373 
20180209 20180227     5.4   18   0.989   0.291 
20180209 20180305   -35.0   24   0.991   0.335 
20180215 20180221   -31.6    6   0.993   0.479 
20180215 20180227   -17.5   12   0.990   0.371 
20180215 20180305   -57.9   18   0.992   0.365 
20180215 20180311   -17.1   24   0.991   0.335 
20180221 20180227    14.0    6   0.991   0.669 
20180221 20180305   -26.3   12   0.992   0.570 
20180221 20180311    14.5   18   0.992   0.487 
20180221 20180317    35.4   24   0.991   0.461 
20180227 20180305   -40.4    6   0.990   0.555 
20180227 20180311     0.5   12   0.989   0.492 
20180227 20180317    21.3   18   0.989   0.467 
20180227 20180323     4.2   24   0.988   0.395 
20180305 20180311    40.8    6   0.998   0.656 
20180305 20180317    61.7   12   0.998   0.553 
20180305 20180323    44.6   18   0.998   0.490 
20180305 20180329    75.6   24   0.991   0.433 
20180305 20180603    24.7   90   0.970   0.229 
20180305 20180609     1.8   96   0.967   0.223 
20180305 20180615    55.0  102   0.963   0.215 
20180305 20180627    63.9  114   0.955   0.201 
20180311 20180317    20.9    6   0.998   0.608 
20180311 20180323     3.8   12   0.998   0.574 
20180311 20180329    34.7   18   0.998   0.474 
20180311 20180404    27.1   24   0.991   0.428 
20180311 20180603   -16.1   84   0.968   0.236 
20180311 20180609   -39.0   90   0.964   0.222 
20180311 20180615    14.2   96   0.962   0.226 
20180311 20180621   -14.9  102   0.957   0.216 
20180311 20180627    23.1  108   0.955   0.211 
20180317 20180323   -17.1    6   0.998   0.588 
20180317 20180329    13.9   12   0.998   0.522 
20180317 20180404     6.3   18   0.997   0.434 
20180317 20180410   -83.8   24   0.991   0.396 
20180317 20180603   -37.0   78   0.964   0.228 
20180317 20180609   -59.9   84   0.962   0.218 
20180317 20180627     2.2  102   0.950   0.205 
20180323 20180329    31.0    6   0.998   0.594 
20180323 20180404    23.4   12   0.998   0.525 
20180323 20180410   -66.7   18   0.997   0.445 
20180323 20180416    -7.3   24   0.991   0.393 
20180323 20180603   -19.9   72   0.967   0.252 
20180323 20180609   -42.8   78   0.962   0.237 
20180323 20180615    10.4   84   0.960   0.240 
20180323 20180627    19.3   96   0.953   0.225 
20180329 20180404    -7.6    6   0.998   0.567 
20180329 20180410   -97.6   12   0.998   0.497 
20180329 20180416   -38.3   18   0.997   0.415 
20180329 20180422   -47.6   24   0.989   0.327 
20180329 20180603   -50.8   66   0.965   0.255 
20180329 20180609   -73.8   72   0.962   0.245 
20180329 20180615   -20.6   78   0.958   0.245 
20180329 20180627   -11.7   90   0.951   0.229 
20180404 20180410   -90.0    6   0.998   0.557 
20180404 20180416   -30.6   12   0.998   0.455 
20180404 20180422   -40.0   18   0.991   0.337 
20180404 20180428   -12.7   24   0.991   0.284 
20180410 20180416    59.4    6   0.998   0.506 
20180410 20180422    50.0   12   0.992   0.378 
20180410 20180428    77.3   18   0.994   0.299 
20180410 20180510   -41.0   30   0.982   0.279 
20180416 20180422    -9.4    6   0.992   0.448 
20180416 20180428    17.9   12   0.996   0.366 
20180416 20180510  -100.4   24   0.987   0.309 
20180416 20180516    34.8   30   0.985   0.316 
20180422 20180428    27.3    6   0.991   0.425 
20180422 20180510   -91.1   18   0.987   0.300 
20180422 20180516    44.1   24   0.981   0.276 
20180422 20180522   -48.8   30   0.976   0.256 
20180428 20180510  -118.3   12   0.996   0.406 
20180428 20180516    16.9   18   0.994   0.365 
20180428 20180522   -76.1   24   0.986   0.324 
20180428 20180528   -13.9   30   0.983   0.311 
20180510 20180516   135.2    6   0.997   0.488 
20180510 20180522    42.3   12   0.996   0.434 
20180510 20180528   104.4   18   0.992   0.382 
20180510 20180603    87.8   24   0.984   0.354 
20180516 20180522   -92.9    6   0.997   0.541 
20180516 20180528   -30.8   12   0.997   0.501 
20180516 20180603   -47.4   18   0.995   0.439 
20180516 20180609   -70.3   24   0.988   0.406 
20180522 20180528    62.1    6   0.997   0.589 
20180522 20180603    45.6   12   0.997   0.522 
20180522 20180609    22.6   18   0.996   0.473 
20180522 20180615    75.8   24   0.988   0.443 
20180528 20180603   -16.6    6   0.998   0.632 
20180528 20180609   -39.5   12   0.997   0.569 
20180528 20180615    13.7   18   0.997   0.529 
20180528 20180621   -15.4   24   0.990   0.506 
20180603 20180609   -22.9    6   0.998   0.646 
20180603 20180615    30.3   12   0.997   0.591 
20180603 20180621     1.2   18   0.997   0.557 
20180603 20180627    39.2   24   0.991   0.520 
20180603 20180907   -26.7   96   0.974   0.354 
20180603 20180913    14.1  102   0.972   0.348 
20180603 20180919   -49.6  108   0.971   0.338 
20180603 20180925    86.4  114   0.970   0.323 
20180609 20180615    53.2    6   0.998   0.649 
20180609 20180621    24.1   12   0.997   0.629 
20180609 20180627    62.1   18   0.997   0.565 
20180609 20180703   -39.2   24   0.991   0.554 
20180609 20180907    -3.8   90   0.978   0.381 
20180609 20180925   109.3  108   0.975   0.343 
20180615 20180621   -29.1    6   0.997   0.669 
20180615 20180627     8.9   12   0.997   0.623 
20180615 20180703   -92.4   18   0.997   0.551 
20180615 20180709    -8.5   24   0.991   0.553 
20180615 20180907   -57.0   84   0.981   0.393 
20180615 20180919   -79.8   96   0.979   0.371 
20180615 20180925    56.2  102   0.979   0.370 
20180621 20180627    38.0    6   0.998   0.690 
20180621 20180703   -63.3   12   0.997   0.632 
20180621 20180709    20.6   18   0.997   0.602 
20180621 20180715    73.3   24   0.991   0.567 
20180621 20180901    -3.3   72   0.986   0.445 
20180621 20180907   -27.9   78   0.984   0.421 
20180621 20180913    12.9   84   0.984   0.423 
20180621 20180919   -50.7   90   0.982   0.398 
20180621 20180925    85.2   96   0.982   0.386 
20180627 20180703  -101.3    6   0.998   0.661 
20180627 20180709   -17.4   12   0.998   0.656 
20180627 20180715    35.3   18   0.997   0.606 
20180627 20180721   -98.2   24   0.991   0.560 
20180627 20180901   -41.3   66   0.988   0.453 
20180627 20180907   -65.9   72   0.987   0.437 
20180627 20180913   -25.0   78   0.987   0.431 
20180627 20180919   -88.7   84   0.985   0.409 
20180627 20180925    47.3   90   0.985   0.406 
20180703 20180709    83.9    6   0.997   0.681 
20180703 20180715   136.6   12   0.998   0.617 
20180703 20180721     3.1   18   0.998   0.616 
20180703 20180727    77.8   24   0.991   0.585 
20180709 20180715    52.7    6   0.998   0.703 
20180709 20180721   -80.8   12   0.998   0.653 
20180709 20180727    -6.1   18   0.997   0.628 
20180709 20180802    22.6   24   0.992   0.593 
20180715 20180721  -133.5    6   0.998   0.671 
20180715 20180727   -58.9   12   0.998   0.661 
20180715 20180802   -30.1   18   0.998   0.630 
20180715 20180808    21.0   24   0.992   0.617 
20180721 20180727    74.7    6   0.998   0.688 
20180721 20180802   103.4   12   0.998   0.633 
20180721 20180808   154.5   18   0.998   0.584 
20180721 20180814    65.9   24   0.992   0.591 
20180727 20180802    28.8    6   0.998   0.707 
20180727 20180808    79.9   12   0.998   0.666 
20180727 20180814    -8.8   18   0.998   0.637 
20180727 20180820   -93.8   24   0.992   0.610 
20180802 20180808    51.1    6   0.998   0.713 
20180802 20180814   -37.6   12   0.998   0.668 
20180802 20180820  -122.5   18   0.998   0.600 
20180802 20180826   -39.0   24   0.992   0.606 
20180808 20180814   -88.6    6   0.998   0.700 
20180808 20180820  -173.6   12   0.998   0.633 
20180808 20180826   -90.1   18   0.998   0.621 
20180808 20180901   -97.6   24   0.992   0.605 
20180814 20180820   -85.0    6   0.999   0.699 
20180814 20180826    -1.5   12   0.998   0.682 
20180814 20180901    -9.0   18   0.998   0.645 
20180814 20180907   -33.5   24   0.992   0.617 
20180820 20180826    83.5    6   0.999   0.695 
20180820 20180901    76.0   12   0.998   0.681 
20180820 20180907    51.5   18   0.998   0.636 
20180820 20180913    92.3   24   0.992   0.613 
20180826 20180901    -7.5    6   0.999   0.721 
20180826 20180907   -32.1   12   0.999   0.680 
20180826 20180913     8.8   18   0.998   0.643 
20180826 20180919   -54.9   24   0.992   0.609 
20180901 20180907   -24.6    6   0.999   0.724 
20180901 20180913    16.3   12   0.999   0.698 
20180901 20180919   -47.4   18   0.998   0.637 
20180901 20180925    88.6   24   0.993   0.611 
20180907 20180913    40.8    6   0.999   0.714 
20180907 20180919   -22.9   12   0.999   0.680 
20180907 20180925   113.1   18   0.999   0.618 
20180907 20181001   -16.0   24   0.993   0.621 
20180913 20180919   -63.7    6   0.999   0.704 
20180913 20180925    72.3   12   0.999   0.671 
20180913 20181001   -56.8   18   0.999   0.634 
20180913 20181007   -34.8   24   0.993   0.615 
20180919 20180925   136.0    6   0.999   0.688 
20180919 20181001     6.8   12   0.999   0.686 
20180919 20181007    28.9   18   0.999   0.628 
20180919 20181013   -10.4   24   0.993   0.603 
20180925 20181001  -129.1    6   0.999   0.702 
20180925 20181007  -107.1   12   0.999   0.659 
20180925 20181013  -146.4   18   0.999   0.591 
20180925 20181019  -142.3   24   0.993   0.536 
20181001 20181007    22.1    6   0.999   0.710 
20181001 20181013   -17.2   12   1.000   0.664 
20181001 20181019   -13.2   18   0.999   0.577 
20181001 20181025   122.0   24   0.993   0.380 
20181007 20181013   -39.3    6   1.000   0.695 
20181007 20181019   -35.3   12   0.999   0.626 
20181007 20181025   100.0   18   0.999   0.401 
20181007 20181031   -74.8   24   0.992   0.376 
20181013 20181019     4.0    6   1.000   0.677 
20181013 20181025   139.3   12   0.999   0.427 
20181013 20181031   -35.5   18   0.999   0.402 
20181013 20181106   161.3   24   0.984   0.235 
20181019 20181025   135.2    6   0.999   0.487 
20181019 20181031   -39.5   12   0.999   0.429 
20181019 20181106   157.3   18   0.995   0.266 
20181019 20181112    23.4   24   0.986   0.293 
20181025 20181031  -174.7    6   0.999   0.443 
20181025 20181106    22.1   12   0.999   0.378 
20181025 20181112  -111.8   18   0.998   0.331 
20181025 20181118   -81.0   24   0.986   0.319 
20181031 20181106   196.8    6   0.998   0.385 
20181031 20181112    62.9   12   0.999   0.428 
20181031 20181118    93.7   18   0.999   0.382 
20181031 20181130   111.5   30   0.980   0.264 
20181106 20181112  -133.9    6   0.999   0.575 
20181106 20181118  -103.1   12   0.999   0.471 
20181106 20181130   -85.3   24   0.999   0.430 
20181106 20181206   -80.1   30   0.987   0.342 
20181112 20181118    30.8    6   0.999   0.633 
20181112 20181130    48.6   18   0.999   0.466 
20181112 20181206    53.8   24   0.991   0.362 
20181112 20181212    87.2   30   0.987   0.328 
20181118 20181130    17.8   12   0.999   0.512 
20181118 20181206    23.0   18   0.991   0.367 
20181118 20181212    56.4   24   0.994   0.361 
20181118 20181218    37.7   30   0.987   0.294 
20181130 20181206     5.3    6   0.994   0.563 
20181130 20181212    38.6   12   0.995   0.477 
20181130 20181218    19.9   18   0.992   0.429 
20181130 20181224    15.3   24   0.990   0.394 
20181206 20181212    33.3    6   0.990   0.580 
20181206 20181218    14.6   12   0.989   0.567 
20181206 20181224    10.0   18   0.986   0.482 
20181206 20181230   -41.5   24   0.985   0.433 
20181212 20181218   -18.7    6   0.992   0.640 
20181212 20181224   -23.3   12   0.994   0.604 
20181212 20181230   -74.8   18   0.988   0.552 
20181212 20190105    50.2   24   0.990   0.524 
20181218 20181224    -4.6    6   0.992   0.687 
20181218 20181230   -56.1   12   0.989   0.593 
20181218 20190105    68.9   18   0.989   0.532 
20181224 20181230   -51.5    6   0.990   0.640 
20181224 20190105    73.5   12   0.990   0.589 
20181224 20190117    -7.7   24   0.976   0.472 
20181224 20190129   -42.6   36   0.971   0.424 
20181230 20190105   125.0    6   0.991   0.665 
20181230 20190117    43.9   18   0.989   0.492 
20181230 20190123    41.9   24   0.989   0.508 
20190105 20190117   -81.2   12   0.990   0.518 
20190105 20190123   -83.2   18   0.990   0.517 
20190105 20190129  -116.1   24   0.987   0.458 
20190117 20190123    -2.0    6   0.986   0.521 
20190117 20190129   -35.0   12   0.979   0.507 
20190117 20190204    -2.6   18   0.973   0.411 
20190117 20190210   -14.2   24   0.988   0.420 
20190123 20190129   -33.0    6   0.978   0.509 
20190123 20190204    -0.6   12   0.992   0.536 
20190123 20190210   -12.2   18   0.991   0.453 
20190123 20190216    13.8   24   0.984   0.389 
20190129 20190204    32.4    6   0.983   0.591 
20190129 20190210    20.8   12   0.982   0.600 
20190129 20190216    46.8   18   0.986   0.518 
20190129 20190222     5.5   24   0.978   0.462 
20190204 20190210   -11.6    6   0.991   0.630 
20190204 20190216    14.4   12   0.987   0.521 
20190204 20190222   -26.8   18   0.992   0.502 
20190204 20190306   -42.8   30   0.990   0.395 
20190210 20190216    26.1    6   0.988   0.618 
20190210 20190222   -15.2   12   0.995   0.570 
20190210 20190306   -31.2   24   0.992   0.416 
20190210 20190312   -50.2   30   0.991   0.355 
20190216 20190222   -41.3    6   0.989   0.592 
20190216 20190306   -57.3   18   0.986   0.405 
20190216 20190312   -76.2   24   0.985   0.353 
20190216 20190318     7.5   30   0.986   0.353 
20190222 20190306   -16.0   12   0.994   0.502 
20190222 20190312   -34.9   18   0.993   0.425 
20190222 20190318    48.8   24   0.990   0.381 
20190306 20190312   -18.9    6   0.995   0.575 
20190306 20190318    64.8   12   0.991   0.417 
20190306 20190330   -39.8   24   0.985   0.312 
20190312 20190318    83.7    6   0.992   0.449 
20190312 20190330   -20.8   18   0.992   0.332 
20190312 20190405    27.3   24   0.981   0.264 
20190318 20190330  -104.6   12   0.990   0.410 
20190318 20190405   -56.4   18   0.988   0.326 
20190318 20190411   -61.4   24   0.979   0.278 
20190330 20190405    48.1    6   0.993   0.458 
20190330 20190411    43.2   12   0.992   0.373 
20190330 20190417    77.8   18   0.987   0.268 
20190330 20190423   -60.6   24   0.976   0.265 
20190405 20190411    -5.0    6   0.994   0.492 
20190405 20190417    29.7   12   0.991   0.334 
20190405 20190423  -108.7   18   0.988   0.302 
20190405 20190429   -89.2   24   0.976   0.260 
20190411 20190417    34.7    6   0.993   0.390 
20190411 20190423  -103.7   12   0.991   0.334 
20190411 20190429   -84.2   18   0.987   0.274 
20190411 20190505    40.3   24   0.973   0.240 
20190417 20190423  -138.4    6   0.992   0.372 
20190417 20190429  -118.9   12   0.990   0.304 
20190417 20190505     5.6   18   0.991   0.293 
20190417 20190511   -26.4   24   0.974   0.249 
20190423 20190429    19.6    6   0.991   0.367 
20190423 20190505   144.0   12   0.990   0.290 
20190423 20190511   112.0   18   0.987   0.249 
20190423 20190517   137.2   24   0.968   0.210 
20190429 20190505   124.4    6   0.992   0.333 
20190429 20190511    92.5   12   0.988   0.272 
20190429 20190517   117.6   18   0.981   0.227 
20190429 20190523    84.8   24   0.956   0.217 
20190505 20190511   -32.0    6   0.994   0.417 
20190505 20190517    -6.8   12   0.993   0.332 
20190505 20190523   -39.7   18   0.982   0.295 
20190505 20190529     1.6   24   0.974   0.270 
20190505 20190610     4.4   36   0.967   0.244 
20190511 20190517    25.2    6   0.994   0.441 
20190511 20190523    -7.7   12   0.987   0.375 
20190511 20190529    33.5   18   0.990   0.330 
20190511 20190604    14.1   24   0.980   0.314 
20190511 20190610    36.4   30   0.982   0.290 
20190517 20190523   -32.9    6   0.988   0.523 
20190517 20190529     8.4   12   0.994   0.462 
20190517 20190604   -11.1   18   0.987   0.431 
20190517 20190610    11.2   24   0.990   0.396 
20190517 20190616    17.4   30   0.989   0.385 
20190523 20190529    41.2    6   0.988   0.570 
20190523 20190604    21.8   12   0.988   0.530 
20190523 20190610    44.1   18   0.987   0.469 
20190523 20190616    50.3   24   0.986   0.459 
20190529 20190604   -19.5    6   0.989   0.635 
20190529 20190610     2.9   12   0.995   0.572 
20190529 20190616     9.0   18   0.994   0.543 
20190529 20190622   -27.9   24   0.533   0.561 
20190604 20190610    22.3    6   0.990   0.651 
20190604 20190616    28.5   12   0.989   0.631 
20190604 20190622    -8.4   18   0.560   0.620 
20190604 20190628   -30.2   24   0.989   0.563 
20190604 20190902   -10.4   90   0.981   0.404 
20190604 20190908  -111.8   96   0.980   0.384 
20190604 20190920   -47.6  108   0.979   0.382 
20190604 20190926   -53.2  114   0.977   0.367 
20190610 20190616     6.2    6   0.996   0.664 
20190610 20190622   -30.8   12   0.533   0.640 
20190610 20190628   -52.6   18   0.989   0.572 
20190610 20190704    12.0   24   0.989   0.566 
20190610 20190914    11.7   96   0.981   0.403 
20190610 20190920   -69.9  102   0.980   0.382 
20190616 20190622   -36.9    6   0.534   0.704 
20190616 20190628   -58.7   12   0.989   0.655 
20190616 20190704     5.9   18   0.989   0.621 
20190616 20190710  -100.6   24   0.988   0.577 
20190616 20190908  -140.3   84   0.984   0.423 
20190616 20190914     5.6   90   0.983   0.433 
20190616 20190920   -76.1   96   0.982   0.421 
20190616 20190926   -81.7  102   0.981   0.404 
20190622 20190628   -21.8    6   0.561   0.718 
20190622 20190704    42.8   12   0.561   0.677 
20190622 20190710   -63.7   18   0.560   0.636 
20190622 20190716    17.3   24   0.533   0.619 
20190622 20190902    -1.9   72   0.558   0.503 
20190622 20190908  -103.3   78   0.557   0.472 
20190622 20190914    42.5   84   0.557   0.474 
20190622 20190920   -39.1   90   0.557   0.467 
20190622 20190926   -44.8   96   0.556   0.453 
20190628 20190704    64.6    6   0.989   0.699 
20190628 20190710   -41.9   12   0.989   0.674 
20190628 20190716    39.1   18   0.989   0.631 
20190628 20190722   -24.8   24   0.989   0.623 
20190628 20190902    19.8   66   0.987   0.488 
20190628 20190920   -17.3   84   0.985   0.469 
20190628 20190926   -23.0   90   0.984   0.449 
20190704 20190710  -106.5    6   0.989   0.686 
20190704 20190716   -25.5   12   0.989   0.670 
20190704 20190722   -89.4   18   0.989   0.623 
20190704 20190728   -79.7   24   0.989   0.600 
20190710 20190716    81.0    6   0.990   0.693 
20190710 20190722    17.1   12   0.990   0.684 
20190710 20190728    26.9   18   0.989   0.643 
20190710 20190803   121.1   24   0.989   0.590 
20190716 20190722   -63.9    6   0.996   0.712 
20190716 20190728   -54.1   12   0.996   0.670 
20190716 20190803    40.1   18   0.996   0.646 
20190716 20190809  -138.8   24   0.995   0.581 
20190722 20190728     9.7    6   0.996   0.731 
20190722 20190803   104.0   12   0.996   0.666 
20190722 20190809   -75.0   18   0.996   0.644 
20190722 20190815    85.9   24   0.995   0.611 
20190728 20190803    94.2    6   0.996   0.702 
20190728 20190809   -84.7   12   0.996   0.665 
20190728 20190815    76.1   18   0.996   0.628 
20190728 20190821   -53.1   24   0.996   0.622 
20190803 20190809  -178.9    6   0.996   0.666 
20190803 20190815   -18.1   12   0.996   0.687 
20190803 20190821  -147.4   18   0.996   0.609 
20190803 20190827   -61.2   24   0.996   0.629 
20190809 20190815   160.8    6   0.997   0.665 
20190809 20190821    31.5   12   0.996   0.680 
20190809 20190827   117.7   18   0.996   0.627 
20190809 20190902   119.6   24   0.996   0.589 
20190815 20190821  -129.3    6   0.997   0.676 
20190815 20190827   -43.1   12   0.996   0.685 
20190815 20190902   -41.2   18   0.996   0.642 
20190815 20190908  -142.6   24   0.996   0.596 
20190821 20190827    86.2    6   0.997   0.710 
20190821 20190902    88.1   12   0.996   0.660 
20190821 20190908   -13.3   18   0.997   0.663 
20190821 20190914   132.5   24   0.996   0.588 
20190827 20190902     1.9    6   0.997   0.730 
20190827 20190908   -99.5   12   0.997   0.677 
20190827 20190914    46.3   18   0.996   0.652 
20190827 20190920   -35.3   24   0.996   0.648 
20190902 20190908  -101.4    6   0.997   0.703 
20190902 20190914    44.5   12   0.997   0.684 
20190902 20190920   -37.2   18   0.996   0.663 
20190902 20190926   -42.8   24   0.990   0.626 
20190902 20191002   -53.8   30   0.996   0.607 
20190908 20190914   145.9    6   0.997   0.680 
20190908 20190920    64.2   12   0.997   0.697 
20190908 20190926    58.5   18   0.990   0.649 
20190908 20191002    47.6   24   0.997   0.642 
20190908 20191008    71.8   30   0.996   0.586 
20190914 20190920   -81.6    6   0.997   0.717 
20190914 20190926   -87.3   12   0.991   0.662 
20190914 20191002   -98.2   18   0.997   0.637 
20190914 20191008   -74.1   24   0.996   0.614 
20190914 20191014    13.2   30   0.996   0.608 
20190920 20190926    -5.7    6   0.991   0.741 
20190920 20191002   -16.6   12   0.997   0.716 
20190920 20191008     7.5   18   0.997   0.658 
20190920 20191014    94.8   24   0.997   0.601 
20190920 20191020    21.4   30   0.997   0.550 
20190926 20191002   -10.9    6   0.991   0.745 
20190926 20191008    13.2   12   0.991   0.681 
20190926 20191014   100.5   18   0.991   0.614 
20190926 20191020    27.0   24   0.991   0.565 
20191002 20191008    24.1    6   0.998   0.734 
20191002 20191014   111.4   12   0.997   0.649 
20191002 20191020    38.0   18   0.997   0.591 
20191002 20191026   141.0   24   0.997   0.440 
20191008 20191014    87.3    6   0.997   0.693 
20191008 20191020    13.8   12   0.998   0.635 
20191008 20191026   116.9   18   0.997   0.469 
20191008 20191101     4.8   24   0.997   0.406 
20191014 20191020   -73.4    6   0.998   0.679 
20191014 20191026    29.6   12   0.998   0.536 
20191014 20191101   -82.4   18   0.997   0.417 
20191014 20191107   -45.7   24   0.997   0.429 
20191020 20191026   103.1    6   0.998   0.575 
20191020 20191101    -9.0   12   0.998   0.473 
20191020 20191107    27.7   18   0.997   0.450 
20191020 20191113    28.5   24   0.997   0.429 
20191026 20191101  -112.1    6   0.998   0.565 
20191026 20191107   -75.4   12   0.998   0.502 
20191026 20191113   -74.6   18   0.997   0.444 
20191026 20191119  -173.7   24   0.996   0.386 
20191101 20191107    36.7    6   0.998   0.627 
20191101 20191113    37.5   12   0.998   0.532 
20191101 20191119   -61.7   18   0.997   0.463 
20191101 20191125   106.4   24   0.997   0.437 
20191107 20191113     0.8    6   0.998   0.672 
20191107 20191119   -98.4   12   0.998   0.562 
20191107 20191125    69.7   18   0.998   0.523 
20191107 20191201   -21.2   24   0.998   0.497 
20191113 20191119   -99.2    6   0.998   0.649 
20191113 20191125    68.8   12   0.998   0.609 
20191113 20191201   -22.0   18   0.998   0.522 
20191113 20191207    33.1   24   0.954   0.282 
20191119 20191125   168.0    6   0.998   0.655 
20191119 20191201    77.2   12   0.998   0.570 
20191119 20191207   132.3   18   0.955   0.285 
20191119 20191213   123.8   24   0.986   0.298 
20191125 20191201   -90.9    6   0.999   0.616 
20191125 20191207   -35.8   12   0.959   0.337 
20191125 20191213   -44.2   18   0.989   0.332 
20191125 20191219   -83.4   24   0.997   0.347 
20191201 20191207    55.1    6   0.968   0.410 
20191201 20191213    46.7   12   0.990   0.429 
20191201 20191219     7.4   18   0.998   0.425 
20191201 20191225    81.6   24   0.998   0.401 
20191207 20191213    -8.4    6   0.965   0.637 
20191207 20191219   -47.7   12   0.957   0.504 
20191207 20191225    26.5   18   0.953   0.440 
20191207 20191231   -39.7   24   0.954   0.449 
20191213 20191219   -39.2    6   0.993   0.616 
20191213 20191225    34.9   12   0.990   0.557 
20191213 20191231   -31.3   18   0.990   0.549 
20191213 20200106    22.3   24   0.984   0.556 
20191219 20191225    74.1    6   0.999   0.683 
20191219 20191231     8.0   12   0.994   0.659 
20191219 20200106    61.6   18   0.983   0.576 
20191219 20200112    36.9   24   0.982   0.580 
20191225 20191231   -66.2    6   0.994   0.674 
20191225 20200106   -12.6   12   0.984   0.624 
20191225 20200112   -37.2   18   0.982   0.581 
20191225 20200118   -61.5   24   0.964   0.479 
20191231 20200106    53.6    6   0.993   0.706 
20191231 20200112    29.0   12   0.988   0.666 
20191231 20200118     4.7   18   0.973   0.537 
20191231 20200124    35.9   24   0.969   0.470 
20200106 20200112   -24.6    6   0.994   0.693 
20200106 20200118   -48.9   12   0.979   0.593 
20200106 20200124   -17.7   18   0.972   0.508 
20200106 20200130   -47.6   24   0.981   0.523 
20200112 20200118   -24.3    6   0.984   0.616 
20200112 20200124     6.9   12   0.974   0.537 
20200112 20200130   -22.9   18   0.982   0.581 
20200118 20200124    31.2    6   0.984   0.617 
20200118 20200130     1.4   12   0.977   0.570 
20200118 20200211   -29.6   24   0.946   0.456 
20200124 20200130   -29.9    6   0.994   0.594 
20200124 20200211   -60.9   18   0.955   0.469 
20200124 20200217   -44.0   24   0.963   0.497 
20200130 20200211   -31.0   12   0.974   0.587 
20200130 20200217   -14.1   18   0.971   0.538 
20200130 20200223    11.5   24   0.990   0.533 
20200211 20200217    16.9    6   0.979   0.610 
20200211 20200223    42.5   12   0.983   0.590 
20200211 20200306    41.1   24   0.977   0.430 
20200211 20200312   -20.3   30   0.973   0.370 
20200217 20200223    25.6    6   0.986   0.616 
20200217 20200306    24.2   18   0.979   0.424 
20200217 20200312   -37.2   24   0.976   0.376 
20200217 20200318   -30.8   30   0.989   0.325 
20200223 20200306    -1.4   12   0.997   0.532 
20200223 20200312   -62.7   18   0.995   0.436 
20200223 20200318   -56.4   24   0.991   0.346 
20200223 20200324   -19.1   30   0.991   0.356 
20200306 20200312   -61.3    6   0.999   0.609 
20200306 20200318   -55.0   12   0.999   0.397 
20200306 20200324   -17.7   18   0.992   0.430 
20200306 20200330   -66.4   24   0.990   0.302 
20200306 20200405   -11.7   30   0.998   0.331 
20200306 20200604    72.2   90   0.967   0.213 
20200306 20200610   -22.2   96   0.965   0.211 
20200306 20200616   -21.9  102   0.961   0.206 
20200306 20200622    24.6  108   0.959   0.205 
20200312 20200318     6.3    6   0.999   0.419 
20200312 20200324    43.6   12   0.992   0.443 
20200312 20200330    -5.0   18   0.990   0.315 
20200312 20200405    49.6   24   0.991   0.350 
20200312 20200411    -5.7   30   0.996   0.281 
20200312 20200604   133.5   84   0.963   0.207 
20200312 20200610    39.1   90   0.960   0.212 
20200312 20200616    39.5   96   0.957   0.209 
20200312 20200628    33.9  108   0.949   0.203 
20200318 20200324    37.3    6   0.999   0.490 
20200318 20200330   -11.4   12   0.992   0.442 
20200318 20200405    43.3   18   0.999   0.332 
20200318 20200411   -12.0   24   0.990   0.317 
20200318 20200417   -12.3   30   0.996   0.262 
20200324 20200330   -48.7    6   0.991   0.463 
20200324 20200405     6.0   12   0.999   0.454 
20200324 20200411   -49.3   18   0.991   0.339 
20200324 20200417   -49.5   24   0.998   0.316 
20200324 20200604    89.9   72   0.958   0.203 
20200330 20200405    54.6    6   0.991   0.438 
20200330 20200411    -0.6   12   0.991   0.390 
20200330 20200417    -0.9   18   0.989   0.309 
20200330 20200423    -3.3   24   0.987   0.300 
20200405 20200411   -55.3    6   0.998   0.447 
20200405 20200417   -55.5   12   0.998   0.407 
20200405 20200423   -58.0   18   0.994   0.313 
20200405 20200429   -77.3   24   0.991   0.290 
20200411 20200417    -0.3    6   0.997   0.465 
20200411 20200423    -2.7   12   0.996   0.379 
20200411 20200429   -22.0   18   0.994   0.334 
20200411 20200505    54.7   24   0.988   0.300 
20200417 20200423    -2.4    6   0.997   0.408 
20200417 20200429   -21.8   12   0.997   0.384 
20200417 20200505    55.0   18   0.996   0.363 
20200417 20200511    48.7   24   0.991   0.336 
20200423 20200429   -19.4    6   0.998   0.450 
20200423 20200505    57.4   12   0.997   0.383 
20200423 20200511    51.2   18   0.995   0.340 
20200423 20200517    83.2   24   0.987   0.311 
20200429 20200505    76.7    6   0.998   0.480 
20200429 20200511    70.5   12   0.997   0.422 
20200429 20200517   102.5   18   0.995   0.374 
20200429 20200523    54.0   24   0.986   0.353 
20200505 20200511    -6.2    6   0.998   0.554 
20200505 20200517    25.8   12   0.997   0.490 
20200505 20200523   -22.7   18   0.990   0.443 
20200505 20200529   -53.7   24   0.988   0.412 
20200511 20200517    32.0    6   0.993   0.582 
20200511 20200523   -16.5   12   0.992   0.518 
20200511 20200529   -47.4   18   0.991   0.475 
20200511 20200604    90.8   24   0.988   0.441 
20200517 20200523   -48.5    6   0.993   0.630 
20200517 20200529   -79.4   12   0.999   0.568 
20200517 20200604    58.7   18   0.997   0.533 
20200517 20200616   -35.3   30   0.989   0.482 
20200523 20200529   -30.9    6   0.992   0.671 
20200523 20200604   107.2   12   0.992   0.591 
20200523 20200610    12.8   18   0.992   0.580 
20200523 20200616    13.1   24   0.991   0.549 
20200529 20200604   138.2    6   0.999   0.649 
20200529 20200616    44.1   18   0.992   0.596 
20200529 20200622    90.6   24   0.992   0.548 
20200604 20200616   -94.1   12   0.992   0.632 
20200604 20200622   -47.6   18   0.992   0.607 
20200604 20200628   -99.6   24   0.992   0.565 
20200604 20200902   -71.7   90   0.983   0.394 
20200604 20200914  -142.4  102   0.981   0.366 
20200604 20200920  -103.0  108   0.980   0.369 
20200604 20200926  -156.6  114   0.978   0.350 
20200610 20200908   -76.8   90   0.985   0.408 
20200610 20200914   -48.0   96   0.985   0.414 
20200610 20200920    -8.6  102   0.984   0.403 
20200610 20200926   -62.2  108   0.982   0.392 
20200616 20200622    46.5    6   0.993   0.694 
20200616 20200628    -5.6   12   0.993   0.668 
20200616 20200704    90.4   18   0.992   0.606 
20200616 20200710    26.0   24   0.992   0.593 
20200616 20200902    22.4   78   0.988   0.432 
20200616 20200908   -77.1   84   0.987   0.424 
20200616 20200914   -48.4   90   0.986   0.423 
20200622 20200628   -52.1    6   0.993   0.695 
20200622 20200704    43.9   12   0.993   0.662 
20200622 20200710   -20.5   18   0.992   0.622 
20200622 20200716   -37.4   24   0.992   0.598 
20200622 20200902   -24.1   72   0.989   0.448 
20200622 20200908  -123.7   78   0.988   0.415 
20200622 20200914   -94.9   84   0.988   0.419 
20200622 20200920   -55.4   90   0.987   0.416 
20200622 20200926  -109.0   96   0.985   0.399 
20200628 20200704    95.9    6   0.993   0.691 
20200628 20200710    31.5   12   0.993   0.672 
20200628 20200716    14.7   18   0.992   0.638 
20200628 20200722     9.3   24   0.992   0.613 
20200628 20200902    28.0   66   0.990   0.462 
20200628 20200908   -71.6   72   0.989   0.458 
20200628 20200914   -42.8   78   0.989   0.451 
20200628 20200920    -3.4   84   0.988   0.446 
20200628 20200926   -57.0   90   0.987   0.428 
20200704 20200710   -64.4    6   0.993   0.707 
20200704 20200716   -81.3   12   0.993   0.666 
20200704 20200722   -86.6   18   0.992   0.616 
20200704 20200728  -164.5   24   0.992   0.570 
20200710 20200716   -16.9    6   0.993   0.721 
20200710 20200722   -22.2   12   0.993   0.672 
20200710 20200728  -100.1   18   0.992   0.613 
20200710 20200803    -4.4   24   0.992   0.619 
20200716 20200722    -5.4    6   0.993   0.721 
20200716 20200728   -83.3   12   0.993   0.667 
20200716 20200803    12.5   18   0.993   0.645 
20200716 20200809   -99.2   24   0.992   0.603 
20200722 20200728   -77.9    6   0.993   0.710 
20200722 20200803    17.9   12   0.993   0.689 
20200722 20200809   -93.8   18   0.992   0.630 
20200722 20200821    59.5   30   0.992   0.592 
20200728 20200803    95.8    6   0.993   0.703 
20200728 20200809   -15.9   12   0.993   0.704 
20200728 20200821   137.4   24   0.993   0.590 
20200728 20200827   -51.7   30   0.992   0.594 
20200803 20200809  -111.7    6   0.993   0.688 
20200803 20200821    41.6   18   0.993   0.650 
20200803 20200827  -147.4   24   0.992   0.584 
20200803 20200902     0.8   30   0.992   0.573 
20200809 20200821   153.3   12   0.992   0.645 
20200809 20200827   -35.8   18   0.992   0.650 
20200809 20200902   112.4   24   0.992   0.576 
20200809 20200908    12.9   30   0.992   0.598 
20200821 20200827  -189.0    6   0.993   0.665 
20200821 20200902   -40.8   12   0.993   0.657 
20200821 20200908  -140.4   18   0.993   0.611 
20200821 20200914  -111.6   24   0.993   0.603 
20200827 20200902   148.2    6   0.993   0.641 
20200827 20200908    48.6   12   0.993   0.680 
20200827 20200914    77.4   18   0.993   0.636 
20200827 20200920   116.9   24   0.993   0.594 
20200902 20200908   -99.6    6   0.993   0.664 
20200902 20200914   -70.8   12   0.993   0.654 
20200902 20200920   -31.3   18   0.993   0.629 
20200902 20200926   -84.9   24   0.993   0.595 
20200902 20210623    62.9  294   0.858   0.202 
20200908 20200914    28.8    6   0.994   0.729 
20200908 20200920    68.2   12   0.993   0.677 
20200908 20200926    14.6   18   0.993   0.658 
20200908 20201002   114.1   24   0.993   0.575 
20200908 20210605   -17.3  270   0.863   0.214 
20200908 20210611    80.3  276   0.862   0.207 
20200908 20210629    76.0  294   0.860   0.208 
20200908 20210915    24.0  372   0.847   0.202 
20200908 20210927     1.3  384   0.844   0.202 
20200914 20200920    39.4    6   0.993   0.731 
20200914 20200926   -14.2   12   0.993   0.704 
20200914 20201002    85.3   18   0.993   0.609 
20200914 20201008   -29.7   24   0.993   0.629 
20200914 20210605   -46.1  264   0.868   0.216 
20200914 20210617    -2.1  276   0.867   0.221 
20200914 20210927   -27.4  378   0.845   0.201 
20200920 20200926   -53.6    6   0.994   0.742 
20200920 20201002    45.8   12   0.993   0.662 
20200920 20201008   -69.1   18   0.993   0.639 
20200920 20201014    -0.5   24   0.993   0.619 
20200920 20210605   -85.6  258   0.865   0.206 
20200920 20210611    12.1  264   0.867   0.219 
20200920 20210617   -41.5  270   0.866   0.215 
20200920 20210623    94.3  276   0.863   0.207 
20200920 20210629     7.8  282   0.865   0.219 
20200920 20210903    -6.8  348   0.851   0.208 
20200920 20210915   -44.2  360   0.849   0.203 
20200920 20210921    45.5  366   0.850   0.203 
20200926 20201002    99.4    6   0.994   0.690 
20200926 20201008   -15.5   12   0.993   0.695 
20200926 20201014    53.1   18   0.993   0.637 
20200926 20201020   126.1   24   0.993   0.590 
20200926 20210605   -32.0  252   0.869   0.216 
20200926 20210611    65.7  258   0.866   0.215 
20200926 20210617    12.1  264   0.869   0.221 
20200926 20210629    61.4  276   0.866   0.217 
20200926 20210903    46.7  342   0.852   0.205 
20200926 20210915     9.4  354   0.852   0.209 
20201002 20201008  -115.0    6   0.993   0.690 
20201002 20201014   -46.3   12   0.994   0.662 
20201002 20201020    26.7   18   0.994   0.646 
20201002 20201026   -50.2   24   0.993   0.596 
20201008 20201014    68.6    6   0.993   0.718 
20201008 20201020   141.7   12   0.994   0.651 
20201008 20201026    64.7   18   0.993   0.625 
20201008 20201101   147.6   24   0.993   0.573 
20201014 20201020    73.0    6   0.994   0.735 
20201014 20201026    -3.9   12   0.994   0.694 
20201014 20201101    78.9   18   0.994   0.622 
20201014 20201107   -33.9   24   0.992   0.433 
20201020 20201026   -76.9    6   0.994   0.727 
20201020 20201101     5.9   12   0.994   0.697 
20201020 20201107  -106.9   18   0.993   0.453 
20201020 20201113   -10.1   24   0.992   0.415 
20201026 20201101    82.9    6   0.994   0.713 
20201026 20201107   -29.9   12   0.993   0.487 
20201026 20201113    66.8   18   0.992   0.411 
20201026 20201119   -35.9   24   0.989   0.405 
20201101 20201107  -112.8    6   0.993   0.519 
20201101 20201113   -16.1   12   0.993   0.463 
20201101 20201119  -118.8   18   0.990   0.407 
20201101 20201125   -26.1   24   0.986   0.374 
20201107 20201113    96.7    6   0.994   0.545 
20201107 20201119    -6.0   12   0.993   0.494 
20201107 20201125    86.7   18   0.991   0.419 
20201107 20201201   142.0   24   0.986   0.326 
20201113 20201119  -102.7    6   0.994   0.647 
20201113 20201125   -10.1   12   0.994   0.584 
20201113 20201201    45.2   18   0.992   0.435 
20201113 20201207   -66.6   24   0.989   0.425 
20201119 20201125    92.7    6   0.994   0.615 
20201119 20201201   148.0   12   0.992   0.439 
20201119 20201207    36.1   18   0.992   0.456 
20201119 20201213   118.2   24   0.993   0.424 
20201125 20201201    55.3    6   0.993   0.573 
20201125 20201207   -56.6   12   0.993   0.564 
20201125 20201213    25.5   18   0.994   0.523 
20201125 20201219   -81.1   24   0.993   0.464 
20201125 20210112    33.4   48   0.993   0.401 
20201201 20201207  -111.9    6   0.994   0.621 
20201201 20201213   -29.8   12   0.994   0.587 
20201201 20201219  -136.4   18   0.992   0.521 
20201201 20201225   -28.5   24   0.991   0.521 
20201201 20210112   -21.9   42   0.990   0.407 
20201201 20210118   -92.2   48   0.989   0.403 
20201207 20201213    82.1    6   0.994   0.676 
20201207 20201219   -24.5   12   0.994   0.615 
20201207 20201225    83.4   18   0.993   0.545 
20201207 20201231    69.1   24   0.993   0.538 
20201207 20210112    90.0   36   0.992   0.471 
20201207 20210118    19.7   42   0.991   0.460 
20201207 20210130    18.9   54   0.988   0.388 
20201213 20201219  -106.7    6   0.994   0.613 
20201213 20201225     1.3   12   0.994   0.610 
20201213 20201231   -13.0   18   0.994   0.584 
20201213 20210106   -20.5   24   0.994   0.551 
20201213 20210112     7.9   30   0.994   0.522 
20201213 20210118   -62.4   36   0.993   0.487 
20201213 20210130   -63.2   48   0.990   0.390 
20201213 20210211   -43.0   60   0.993   0.385 
20201219 20201225   108.0    6   0.994   0.668 
20201219 20201231    93.7   12   0.994   0.618 
20201219 20210106    86.2   18   0.994   0.538 
20201219 20210112   114.6   24   0.994   0.523 
20201225 20201231   -14.3    6   0.994   0.676 
20201225 20210106   -21.8   12   0.994   0.616 
20201225 20210112     6.6   18   0.994   0.572 
20201225 20210118   -63.7   24   0.994   0.560 
20201231 20210106    -7.5    6   0.994   0.726 
20201231 20210112    20.9   12   0.994   0.694 
20201231 20210118   -49.4   18   0.994   0.593 
20201231 20210124    11.5   24   0.992   0.580 
20210106 20210112    28.4    6   0.994   0.747 
20210106 20210118   -42.0   12   0.994   0.625 
20210106 20210124    19.0   18   0.992   0.573 
20210106 20210130   -42.7   24   0.991   0.471 
20210112 20210118   -70.3    6   0.994   0.651 
20210112 20210124    -9.4   12   0.993   0.623 
20210112 20210130   -71.1   18   0.991   0.485 
20210112 20210211   -50.9   30   0.994   0.478 
20210112 20210217   -86.8   36   0.994   0.410 
20210118 20210124    61.0    6   0.993   0.634 
20210118 20210130    -0.8   12   0.993   0.559 
20210118 20210211    19.4   24   0.994   0.494 
20210118 20210217   -16.5   30   0.993   0.459 
20210118 20210319    18.4   60   0.990   0.356 
20210124 20210130   -61.7    6   0.992   0.567 
20210124 20210211   -41.5   18   0.992   0.520 
20210124 20210217   -77.5   24   0.991   0.452 
20210124 20210223   -29.6   30   0.991   0.462 
20210130 20210211    20.2   12   0.992   0.574 
20210130 20210217   -15.7   18   0.992   0.545 
20210130 20210223    32.1   24   0.992   0.471 
20210130 20210301    -0.6   30   0.991   0.428 
20210130 20210319    19.2   48   0.989   0.355 
20210130 20210325     7.3   54   0.987   0.335 
20210211 20210217   -35.9    6   0.994   0.623 
20210211 20210223    12.0   12   0.994   0.613 
20210211 20210301   -20.7   18   0.994   0.556 
20210211 20210307    -2.0   24   0.994   0.528 
20210211 20210319    -1.0   36   0.993   0.445 
20210211 20210325   -12.9   42   0.992   0.410 
20210211 20210406   -33.2   54   0.986   0.351 
20210217 20210223    47.9    6   0.994   0.622 
20210217 20210301    15.2   12   0.994   0.566 
20210217 20210307    33.9   18   0.994   0.514 
20210217 20210313    40.3   24   0.994   0.511 
20210217 20210319    34.9   30   0.993   0.431 
20210217 20210325    23.0   36   0.993   0.417 
20210217 20210406     2.8   48   0.988   0.357 
20210217 20210412   -12.5   54   0.458   0.296 
20210223 20210301   -32.7    6   0.994   0.652 
20210223 20210307   -14.0   12   0.994   0.607 
20210223 20210313    -7.5   18   0.994   0.536 
20210223 20210319   -12.9   24   0.994   0.490 
20210301 20210307    18.7    6   0.994   0.683 
20210301 20210313    25.2   12   0.994   0.568 
20210301 20210319    19.8   18   0.994   0.547 
20210301 20210325     7.8   24   0.993   0.511 
20210301 20210605   -99.7   96   0.973   0.278 
20210301 20210611    -2.0  102   0.971   0.288 
20210301 20210623    80.2  114   0.965   0.267 
20210301 20210629    -6.3  120   0.965   0.266 
20210301 20210903   -20.9  186   0.936   0.231 
20210301 20210921    31.4  204   0.932   0.230 
20210301 20210927   -81.0  210   0.926   0.216 
20210307 20210313     6.4    6   0.994   0.609 
20210307 20210319     1.0   12   0.994   0.593 
20210307 20210325   -10.9   18   0.994   0.528 
20210307 20210331    26.0   24   0.993   0.475 
20210307 20210605  -118.4   90   0.969   0.268 
20210307 20210611   -20.8   96   0.968   0.282 
20210307 20210623    61.4  108   0.963   0.269 
20210307 20210903   -39.7  180   0.931   0.229 
20210307 20210909    26.4  186   0.929   0.229 
20210307 20210915   -77.0  192   0.927   0.222 
20210307 20210921    12.6  198   0.925   0.228 
20210313 20210319    -5.4    6   0.994   0.592 
20210313 20210325   -17.3   12   0.994   0.550 
20210313 20210331    19.6   18   0.994   0.471 
20210313 20210406   -37.6   24   0.993   0.437 
20210313 20210605  -124.8   84   0.969   0.259 
20210313 20210623    55.0  102   0.961   0.257 
20210313 20210903   -46.1  174   0.928   0.215 
20210313 20210915   -83.5  186   0.923   0.209 
20210313 20210921     6.2  192   0.925   0.219 
20210313 20210927  -106.2  198   0.918   0.200 
20210319 20210325   -11.9    6   0.994   0.627 
20210319 20210331    25.0   12   0.994   0.555 
20210319 20210406   -32.2   18   0.994   0.507 
20210319 20210412   -47.4   24   0.461   0.426 
20210319 20210418   -61.0   30   0.990   0.412 
20210319 20210605  -119.4   78   0.970   0.282 
20210319 20210611   -21.8   84   0.969   0.296 
20210319 20210617   -75.3   90   0.967   0.280 
20210319 20210623    60.4   96   0.964   0.283 
20210319 20210915   -78.1  180   0.928   0.232 
20210319 20210921    11.6  186   0.926   0.238 
20210319 20210927  -100.7  192   0.920   0.220 
20210325 20210331    36.9    6   0.994   0.593 
20210325 20210406   -20.3   12   0.994   0.555 
20210325 20210412   -35.5   18   0.461   0.438 
20210325 20210418   -49.1   24   0.992   0.444 
20210325 20210518    26.3   54   0.979   0.337 
20210325 20210605  -107.5   72   0.973   0.299 
20210325 20210611    -9.9   78   0.971   0.309 
20210325 20210617   -63.4   84   0.968   0.294 
20210325 20210629   -14.1   96   0.964   0.285 
20210325 20210903   -28.8  162   0.932   0.244 
20210325 20210909    37.3  168   0.933   0.249 
20210325 20210915   -66.1  174   0.927   0.238 
20210325 20210921    23.5  180   0.929   0.246 
20210325 20210927   -88.8  186   0.921   0.228 
20210331 20210406   -57.2    6   0.994   0.597 
20210331 20210412   -72.4   12   0.462   0.469 
20210331 20210418   -86.0   18   0.993   0.460 
20210331 20210424   -38.3   24   0.991   0.421 
20210331 20210605  -144.4   66   0.971   0.297 
20210331 20210611   -46.8   72   0.970   0.313 
20210331 20210617  -100.3   78   0.966   0.294 
20210331 20210629   -51.0   90   0.961   0.286 
20210331 20210909     0.4  162   0.930   0.255 
20210331 20210915  -103.0  168   0.927   0.241 
20210331 20210927  -125.7  180   0.921   0.229 
20210406 20210412   -15.2    6   0.462   0.592 
20210406 20210418   -28.9   12   0.994   0.564 
20210406 20210424    18.9   18   0.993   0.496 
20210406 20210430    60.4   24   0.992   0.469 
20210406 20210518    46.6   42   0.986   0.396 
20210406 20210524   -10.2   48   0.985   0.397 
20210412 20210418   -13.6    6   0.462   0.588 
20210412 20210424    34.1   12   0.461   0.497 
20210412 20210430    75.6   18   0.461   0.444 
20210412 20210506     2.1   24   0.460   0.429 
20210412 20210518    61.8   36   0.459   0.366 
20210412 20210524     5.0   42   0.458   0.364 
20210412 20210605   -72.0   54   0.455   0.317 
20210418 20210424    47.7    6   0.994   0.618 
20210418 20210430    89.2   12   0.994   0.555 
20210418 20210506    15.7   18   0.993   0.527 
20210418 20210512     3.6   24   0.992   0.502 
20210418 20210518    75.4   30   0.990   0.451 
20210418 20210524    18.6   36   0.989   0.458 
20210418 20210605   -58.4   48   0.985   0.409 
20210418 20210611    39.3   54   0.983   0.405 
20210424 20210430    41.5    6   0.995   0.630 
20210424 20210506   -32.0   12   0.994   0.582 
20210424 20210512   -44.2   18   0.993   0.538 
20210424 20210518    27.7   24   0.992   0.511 
20210430 20210506   -73.5    6   0.995   0.644 
20210430 20210512   -85.7   12   0.994   0.593 
20210430 20210518   -13.8   18   0.994   0.556 
20210430 20210524   -70.6   24   0.993   0.530 
20210506 20210512   -12.2    6   0.994   0.676 
20210506 20210518    59.7   12   0.994   0.604 
20210506 20210524     2.9   18   0.994   0.588 
20210506 20210530    32.3   24   0.993   0.549 
20210512 20210518    71.9    6   0.994   0.657 
20210512 20210524    15.1   12   0.994   0.647 
20210512 20210530    44.4   18   0.994   0.587 
20210512 20210605   -61.9   24   0.993   0.562 
20210518 20210524   -56.8    6   0.995   0.687 
20210518 20210530   -27.4   12   0.994   0.648 
20210518 20210605  -133.8   18   0.994   0.571 
20210518 20210611   -36.2   24   0.994   0.579 
20210518 20210617   -89.7   30   0.993   0.538 
20210524 20210530    29.4    6   0.995   0.710 
20210524 20210605   -77.0   12   0.994   0.656 
20210524 20210611    20.6   18   0.994   0.635 
20210524 20210617   -32.9   24   0.994   0.606 
20210524 20210717   -48.9   54   0.991   0.499 
20210530 20210605  -106.4    6   0.994   0.694 
20210530 20210611    -8.7   12   0.994   0.682 
20210530 20210617   -62.3   18   0.994   0.630 
20210530 20210623    73.5   24   0.994   0.596 
20210605 20210611    97.6    6   0.994   0.702 
20210605 20210617    44.1   12   0.994   0.683 
20210605 20210623   179.8   18   0.994   0.580 
20210605 20210629    93.4   24   0.994   0.603 
20210605 20210717    28.1   42   0.993   0.545 
20210605 20210723   140.3   48   0.993   0.494 
20210605 20210903    78.7   90   0.988   0.427 
20210605 20210915    41.4  102   0.987   0.421 
20210605 20210921   131.0  108   0.985   0.392 
20210605 20210927    18.7  114   0.984   0.411 
20210611 20210617   -53.6    6   0.994   0.722 
20210611 20210623    82.2   12   0.994   0.662 
20210611 20210629    -4.3   18   0.994   0.654 
20210611 20210705     0.8   24   0.994   0.623 
20210611 20210717   -69.5   36   0.993   0.560 
20210611 20210723    42.6   42   0.994   0.546 
20210611 20210804    32.6   54   0.993   0.512 
20210611 20210903   -18.9   84   0.990   0.458 
20210611 20210909    47.2   90   0.989   0.446 
20210611 20210915   -56.3   96   0.989   0.435 
20210611 20210921    33.4  102   0.988   0.431 
20210611 20210927   -79.0  108   0.986   0.410 
20210617 20210623   135.7    6   0.994   0.686 
20210617 20210629    49.3   12   0.995   0.688 
20210617 20210705    54.4   18   0.994   0.641 
20210617 20210711   123.4   24   0.994   0.592 
20210617 20210717   -15.9   30   0.994   0.599 
20210617 20210723    96.2   36   0.994   0.550 
20210617 20210804    86.1   48   0.993   0.514 
20210617 20210909   100.7   84   0.991   0.443 
20210617 20210915    -2.7   90   0.990   0.457 
20210617 20210921    86.9   96   0.989   0.429 
20210617 20210927   -25.4  102   0.988   0.436 
20210623 20210629   -86.5    6   0.994   0.705 
20210623 20210705   -81.4   12   0.994   0.666 
20210623 20210711   -12.3   18   0.994   0.656 
20210623 20210717  -151.7   24   0.994   0.580 
20210623 20210903  -101.1   72   0.991   0.468 
20210623 20210909   -35.0   78   0.991   0.476 
20210623 20210921   -48.8   90   0.990   0.453 
20210629 20210705     5.1    6   0.995   0.736 
20210629 20210711    74.1   12   0.995   0.677 
20210629 20210717   -65.2   18   0.994   0.643 
20210629 20210723    46.9   24   0.995   0.615 
20210629 20210903   -14.6   66   0.993   0.501 
20210629 20210909    51.4   72   0.993   0.483 
20210629 20210921    37.7   84   0.992   0.464 
20210705 20210711    69.1    6   0.995   0.721 
20210705 20210717   -70.3   12   0.994   0.669 
20210705 20210723    41.8   18   0.994   0.646 
20210705 20210729    55.5   24   0.994   0.599 
20210711 20210717  -139.3    6   0.994   0.688 
20210711 20210723   -27.2   12   0.995   0.693 
20210711 20210729   -13.6   18   0.995   0.644 
20210711 20210804   -37.3   24   0.995   0.620 
20210717 20210723   112.1    6   0.994   0.691 
20210717 20210729   125.7   12   0.994   0.637 
20210717 20210804   102.1   18   0.994   0.617 
20210717 20210816    46.7   30   0.994   0.591 
20210723 20210729    13.6    6   0.995   0.714 
20210723 20210804   -10.0   12   0.995   0.684 
20210723 20210816   -65.4   24   0.994   0.614 
20210723 20210915   -98.9   54   0.994   0.508 
20210729 20210804   -23.7    6   0.995   0.706 
20210729 20210816   -79.0   18   0.995   0.613 
20210729 20210822   -23.1   24   0.995   0.611 
20210804 20210816   -55.4   12   0.995   0.666 
20210804 20210822     0.6   18   0.995   0.648 
20210804 20210828  -119.3   24   0.994   0.589 
20210804 20210915   -88.9   42   0.994   0.538 
20210804 20210921     0.8   48   0.994   0.553 
20210816 20210822    56.0    6   0.995   0.727 
20210816 20210828   -63.9   12   0.994   0.686 
20210816 20210903     3.9   18   0.995   0.655 
20210816 20210909    70.0   24   0.995   0.624 
20210816 20210915   -33.5   30   0.994   0.605 
20210816 20210921    56.2   36   0.995   0.584 
20210822 20210828  -119.9    6   0.994   0.699 
20210822 20210903   -52.1   12   0.995   0.682 
20210822 20210909    14.0   18   0.995   0.666 
20210822 20210915   -89.5   24   0.995   0.616 
20210828 20210903    67.8    6   0.995   0.704 
20210828 20210909   133.9   12   0.995   0.649 
20210828 20210921   120.1   24   0.994   0.598 
20210903 20210909    66.1    6   0.995   0.717 
20210903 20210915   -37.4   12   0.995   0.766 
20210903 20210921    52.3   18   0.995   0.650 
20210903 20210927   -60.0   24   0.994   0.614 
20210909 20210915  -103.4    6   0.995   0.711 
20210909 20210921   -13.8   12   0.995   0.711 
20210909 20210927  -126.1   18   0.995   0.620 
20210909 20211003  -195.9   24   0.994   0.563 
20210915 20210921    89.7    6   0.995   0.725 
20210915 20210927   -22.7   12   0.995   0.694 
20210915 20211003   -92.5   18   0.994   0.629 
20210915 20211009    54.0   24   0.995   0.617 
20210921 20210927  -112.3    6   0.995   0.708 
20210921 20211003  -182.2   12   0.994   0.630 
20210921 20211009   -35.7   18   0.995   0.653 
20210921 20211015   -86.6   24   0.994   0.617 
20210927 20211003   -69.8    6   0.995   0.727 
20210927 20211009    76.7   12   0.995   0.669 
20210927 20211015    25.7   18   0.995   0.651 
20210927 20211021   100.6   24   0.994   0.570 
20211003 20211009   146.5    6   0.995   0.677 
20211003 20211015    95.6   12   0.995   0.662 
20211003 20211021   170.4   18   0.994   0.562 
20211003 20211027    68.1   24   0.995   0.597 
20211009 20211015   -50.9    6   0.995   0.729 
20211009 20211021    23.9   12   0.995   0.675 
20211009 20211027   -78.4   18   0.995   0.627 
20211009 20211102    84.3   24   0.994   0.507 
20211015 20211021    74.9    6   0.995   0.707 
20211015 20211027   -27.5   12   0.995   0.694 
20211015 20211102   135.2   18   0.995   0.518 
20211021 20211027  -102.3    6   0.995   0.700 
20211021 20211102    60.4   12   0.995   0.588 
20211021 20211108   -58.1   18   0.995   0.549 
20211021 20211114   -30.6   24   0.994   0.500 
20211027 20211102   162.7    6   0.995   0.586 
20211027 20211108    44.2   12   0.995   0.608 
20211027 20211114    71.7   18   0.994   0.507 
20211027 20211120    99.9   24   0.994   0.506 
20211102 20211108  -118.5    6   0.995   0.621 
20211102 20211114   -91.0   12   0.995   0.578 
20211102 20211120   -62.8   18   0.995   0.563 
20211102 20211126  -132.0   24   0.994   0.503 
20211108 20211114    27.5    6   0.995   0.658 
20211108 20211120    55.7   12   0.995   0.639 
20211108 20211126   -13.5   18   0.995   0.567 
20211108 20211202    85.9   24   0.994   0.448 
20211114 20211120    28.2    6   0.995   0.694 
20211114 20211126   -41.0   12   0.995   0.644 
20211114 20211202    58.4   18   0.995   0.502 
20211114 20211208   -23.3   24   0.995   0.542 
20211120 20211126   -69.1    6   0.995   0.692 
20211120 20211202    30.2   12   0.995   0.557 
20211120 20211208   -51.5   18   0.995   0.561 
20211120 20211214   -22.0   24   0.995   0.583 
20211126 20211202    99.4    6   0.995   0.598 
20211126 20211208    17.6   12   0.995   0.638 
20211126 20211214    47.1   18   0.995   0.603 
20211126 20211220   106.0   24   0.993   0.398 
20211202 20211208   -81.7    6   0.995   0.622 
20211202 20211214   -52.2   12   0.995   0.604 
20211202 20211220     6.6   18   0.994   0.490 
20211202 20220101    65.6   30   0.992   0.425 
20211208 20211214    29.5    6   0.995   0.712 
20211208 20211220    88.3   12   0.994   0.466 
20211208 20220101   147.3   24   0.993   0.417 
20211208 20220113    51.0   36   0.991   0.351 
20211214 20211220    58.8    6   0.994   0.489 
20211214 20220101   117.8   18   0.993   0.433 
20211214 20220113    21.5   30   0.991   0.365 
20211214 20220125    11.6   42   0.980   0.314 
20211220 20220101    58.9   12   0.995   0.585 
20211220 20220113   -37.3   24   0.994   0.499 
20211220 20220125   -47.2   36   0.987   0.351 
20211220 20220206   -71.8   48   0.988   0.339 
20220101 20220113   -96.3   12   0.995   0.564 
20220101 20220125  -106.2   24   0.989   0.412 
20220101 20220206  -130.7   36   0.991   0.393 
20220101 20220218  -106.0   48   0.993   0.365 
20220113 20220125    -9.9   12   0.991   0.472 
20220113 20220206   -34.4   24   0.992   0.453 
20220113 20220218    -9.7   36   0.994   0.404 
20220113 20220302    60.4   48   0.994   0.360 
20220125 20220206   -24.5   12   0.992   0.590 
20220125 20220218     0.2   24   0.992   0.492 
20220125 20220302    70.3   36   0.990   0.410 
20220125 20220314    -2.1   48   0.989   0.359 
20220206 20220218    24.7   12   0.993   0.582 
20220206 20220302    94.9   24   0.992   0.468 
20220206 20220314    22.4   36   0.991   0.411 
20220206 20220326   -67.5   48   0.990   0.360 
20220218 20220302    70.1   12   0.995   0.602 
20220218 20220314    -2.3   24   0.994   0.514 
20220218 20220326   -92.3   36   0.993   0.411 
20220218 20220407     2.7   48   0.990   0.368 
20220302 20220314   -72.4   12   0.994   0.600 
20220302 20220326  -162.4   24   0.994   0.449 
20220302 20220407   -67.4   36   0.993   0.398 
20220302 20220419  -113.3   48   0.985   0.332 
20220314 20220326   -90.0   12   0.994   0.550 
20220314 20220407     5.0   24   0.994   0.455 
20220314 20220419   -40.9   36   0.989   0.379 
20220314 20220501    -1.2   48   0.982   0.315 
20220326 20220407    95.0   12   0.994   0.482 
20220326 20220419    49.1   24   0.992   0.410 
20220326 20220501    88.8   36   0.988   0.329 
20220326 20220513     2.5   48   0.980   0.321 
20220407 20220419   -45.9   12   0.994   0.531 
20220407 20220501    -6.2   24   0.992   0.358 
20220407 20220513   -92.5   36   0.988   0.358 
20220407 20220525    69.7   48   0.983   0.344 
20220419 20220501    39.7   12   0.994   0.394 
20220419 20220513   -46.6   24   0.992   0.419 
20220419 20220525   115.6   36   0.988   0.373 
20220501 20220513   -86.2   12   0.994   0.438 
20220501 20220525    75.9   24   0.991   0.391 
20220513 20220525   162.1   12   0.994   0.523 
