   1  20171118 20171130    -24.88820     12.0000  -312.00008  -300.00008    61.0712    36.1830
   2  20171118 20171212    -31.63480     24.0000  -312.00008  -288.00008    61.0712    29.4364
   3  20171118 20171224     17.07550     36.0000  -312.00008  -276.00009    61.0712    78.1467
   4  20171118 20180105     35.76170     48.0000  -312.00008  -264.00010    61.0712    96.8329
   5  20171118 20180117     55.99790     60.0000  -312.00008  -252.00010    61.0712   117.0691
   6  20171118 20180129    -34.54720     72.0000  -312.00008  -240.00010    61.0712    26.5240
   7  20171118 20180210     21.63070     84.0000  -312.00008  -228.00011    61.0712    82.7019
   8  20171130 20171212     -6.74660     12.0000  -300.00008  -288.00008    36.1830    29.4364
   9  20171130 20171224     41.96370     24.0000  -300.00008  -276.00009    36.1830    78.1467
  10  20171130 20180105     60.64990     36.0000  -300.00008  -264.00010    36.1830    96.8329
  11  20171130 20180117     80.88610     48.0000  -300.00008  -252.00010    36.1830   117.0691
  12  20171130 20180129     -9.65900     60.0000  -300.00008  -240.00010    36.1830    26.5240
  13  20171130 20180210     46.51890     72.0000  -300.00008  -228.00011    36.1830    82.7019
  14  20171130 20180222   -103.51200     84.0000  -300.00008  -216.00011    36.1830   -67.3290
  15  20171212 20171224     48.71030     12.0000  -288.00008  -276.00009    29.4364    78.1467
  16  20171212 20180105     67.39650     24.0000  -288.00008  -264.00010    29.4364    96.8329
  17  20171212 20180117     87.63270     36.0000  -288.00008  -252.00010    29.4364   117.0691
  18  20171212 20180129     -2.91240     48.0000  -288.00008  -240.00010    29.4364    26.5240
  19  20171212 20180210     53.26550     60.0000  -288.00008  -228.00011    29.4364    82.7019
  20  20171212 20180222    -96.76540     72.0000  -288.00008  -216.00011    29.4364   -67.3290
  21  20171212 20180306    -50.25550     84.0000  -288.00008  -204.00011    29.4364   -20.8191
  22  20171224 20180105     18.68620     12.0000  -276.00009  -264.00010    78.1467    96.8329
  23  20171224 20180117     38.92240     24.0000  -276.00009  -252.00010    78.1467   117.0691
  24  20171224 20180129    -51.62270     36.0000  -276.00009  -240.00010    78.1467    26.5240
  25  20171224 20180210      4.55520     48.0000  -276.00009  -228.00011    78.1467    82.7019
  26  20171224 20180222   -145.47570     60.0000  -276.00009  -216.00011    78.1467   -67.3290
  27  20171224 20180306    -98.96580     72.0000  -276.00009  -204.00011    78.1467   -20.8191
  28  20171224 20180318    -23.48510     84.0000  -276.00009  -192.00011    78.1467    54.6616
  29  20180105 20180117     20.23620     12.0000  -264.00010  -252.00010    96.8329   117.0691
  30  20180105 20180129    -70.30890     24.0000  -264.00010  -240.00010    96.8329    26.5240
  31  20180105 20180210    -14.13100     36.0000  -264.00010  -228.00011    96.8329    82.7019
  32  20180105 20180222   -164.16190     48.0000  -264.00010  -216.00011    96.8329   -67.3290
  33  20180105 20180306   -117.65200     60.0000  -264.00010  -204.00011    96.8329   -20.8191
  34  20180105 20180318    -42.17130     72.0000  -264.00010  -192.00011    96.8329    54.6616
  35  20180105 20180330    -43.90720     84.0000  -264.00010  -180.00010    96.8329    52.9257
  36  20180117 20180129    -90.54510     12.0000  -252.00010  -240.00010   117.0691    26.5240
  37  20180117 20180210    -34.36720     24.0000  -252.00010  -228.00011   117.0691    82.7019
  38  20180117 20180222   -184.39810     36.0000  -252.00010  -216.00011   117.0691   -67.3290
  39  20180117 20180306   -137.88820     48.0000  -252.00010  -204.00011   117.0691   -20.8191
  40  20180117 20180318    -62.40750     60.0000  -252.00010  -192.00011   117.0691    54.6616
  41  20180117 20180330    -64.14340     72.0000  -252.00010  -180.00010   117.0691    52.9257
  42  20180117 20180411    -77.25240     84.0000  -252.00010  -168.00010   117.0691    39.8167
  43  20180129 20180210     56.17790     12.0000  -240.00010  -228.00011    26.5240    82.7019
  44  20180129 20180222    -93.85300     24.0000  -240.00010  -216.00011    26.5240   -67.3290
  45  20180129 20180306    -47.34310     36.0000  -240.00010  -204.00011    26.5240   -20.8191
  46  20180129 20180318     28.13760     48.0000  -240.00010  -192.00011    26.5240    54.6616
  47  20180129 20180330     26.40170     60.0000  -240.00010  -180.00010    26.5240    52.9257
  48  20180129 20180411     13.29270     72.0000  -240.00010  -168.00010    26.5240    39.8167
  49  20180129 20180423   -126.21840     84.0000  -240.00010  -156.00010    26.5240   -99.6944
  50  20180210 20180222   -150.03090     12.0000  -228.00011  -216.00011    82.7019   -67.3290
  51  20180210 20180306   -103.52100     24.0000  -228.00011  -204.00011    82.7019   -20.8191
  52  20180210 20180318    -28.04030     36.0000  -228.00011  -192.00011    82.7019    54.6616
  53  20180210 20180330    -29.77620     48.0000  -228.00011  -180.00010    82.7019    52.9257
  54  20180210 20180411    -42.88520     60.0000  -228.00011  -168.00010    82.7019    39.8167
  55  20180210 20180423   -182.39630     72.0000  -228.00011  -156.00010    82.7019   -99.6944
  56  20180210 20180505    -72.54310     84.0000  -228.00011  -144.00009    82.7019    10.1588
  57  20180222 20180306     46.50990     12.0000  -216.00011  -204.00011   -67.3290   -20.8191
  58  20180222 20180318    121.99060     24.0000  -216.00011  -192.00011   -67.3290    54.6616
  59  20180222 20180330    120.25470     36.0000  -216.00011  -180.00010   -67.3290    52.9257
  60  20180222 20180411    107.14570     48.0000  -216.00011  -168.00010   -67.3290    39.8167
  61  20180222 20180423    -32.36540     60.0000  -216.00011  -156.00010   -67.3290   -99.6944
  62  20180222 20180505     77.48780     72.0000  -216.00011  -144.00009   -67.3290    10.1588
  63  20180306 20180318     75.48070     12.0000  -204.00011  -192.00011   -20.8191    54.6616
  64  20180306 20180330     73.74480     24.0000  -204.00011  -180.00010   -20.8191    52.9257
  65  20180306 20180411     60.63580     36.0000  -204.00011  -168.00010   -20.8191    39.8167
  66  20180306 20180423    -78.87530     48.0000  -204.00011  -156.00010   -20.8191   -99.6944
  67  20180306 20180505     30.97790     60.0000  -204.00011  -144.00009   -20.8191    10.1588
  68  20180306 20180529     17.86640     84.0000  -204.00011  -120.00007   -20.8191    -2.9527
  69  20180318 20180330     -1.73590     12.0000  -192.00011  -180.00010    54.6616    52.9257
  70  20180318 20180411    -14.84490     24.0000  -192.00011  -168.00010    54.6616    39.8167
  71  20180318 20180423   -154.35600     36.0000  -192.00011  -156.00010    54.6616   -99.6944
  72  20180318 20180505    -44.50280     48.0000  -192.00011  -144.00009    54.6616    10.1588
  73  20180318 20180529    -57.61430     72.0000  -192.00011  -120.00007    54.6616    -2.9527
  74  20180318 20180610    -41.06500     84.0000  -192.00011  -108.00006    54.6616    13.5966
  75  20180330 20180411    -13.10900     12.0000  -180.00010  -168.00010    52.9257    39.8167
  76  20180330 20180423   -152.62010     24.0000  -180.00010  -156.00010    52.9257   -99.6944
  77  20180330 20180505    -42.76690     36.0000  -180.00010  -144.00009    52.9257    10.1588
  78  20180330 20180529    -55.87840     60.0000  -180.00010  -120.00007    52.9257    -2.9527
  79  20180330 20180610    -39.32910     72.0000  -180.00010  -108.00006    52.9257    13.5966
  80  20180330 20180622    -93.43760     84.0000  -180.00010   -96.00006    52.9257   -40.5119
  81  20180411 20180423   -139.51110     12.0000  -168.00010  -156.00010    39.8167   -99.6944
  82  20180411 20180505    -29.65790     24.0000  -168.00010  -144.00009    39.8167    10.1588
  83  20180411 20180529    -42.76940     48.0000  -168.00010  -120.00007    39.8167    -2.9527
  84  20180411 20180610    -26.22010     60.0000  -168.00010  -108.00006    39.8167    13.5966
  85  20180411 20180622    -80.32860     72.0000  -168.00010   -96.00006    39.8167   -40.5119
  86  20180411 20180704      1.86450     84.0001  -168.00010   -84.00004    39.8167    41.6812
  87  20180423 20180505    109.85320     12.0000  -156.00010  -144.00009   -99.6944    10.1588
  88  20180423 20180529     96.74170     36.0000  -156.00010  -120.00007   -99.6944    -2.9527
  89  20180423 20180610    113.29100     48.0000  -156.00010  -108.00006   -99.6944    13.5966
  90  20180423 20180622     59.18250     60.0000  -156.00010   -96.00006   -99.6944   -40.5119
  91  20180423 20180704    141.37560     72.0001  -156.00010   -84.00004   -99.6944    41.6812
  92  20180423 20180716     52.55590     84.0001  -156.00010   -72.00004   -99.6944   -47.1385
  93  20180505 20180529    -13.11150     24.0000  -144.00009  -120.00007    10.1588    -2.9527
  94  20180505 20180610      3.43780     36.0000  -144.00009  -108.00006    10.1588    13.5966
  95  20180505 20180622    -50.67070     48.0000  -144.00009   -96.00006    10.1588   -40.5119
  96  20180505 20180704     31.52240     60.0000  -144.00009   -84.00004    10.1588    41.6812
  97  20180505 20180716    -57.29730     72.0000  -144.00009   -72.00004    10.1588   -47.1385
  98  20180505 20180728     16.61570     84.0001  -144.00009   -60.00003    10.1588    26.7745
  99  20180529 20180610     16.54930     12.0000  -120.00007  -108.00006    -2.9527    13.5966
 100  20180529 20180622    -37.55920     24.0000  -120.00007   -96.00006    -2.9527   -40.5119
 101  20180529 20180704     44.63390     36.0000  -120.00007   -84.00004    -2.9527    41.6812
 102  20180529 20180716    -44.18580     48.0000  -120.00007   -72.00004    -2.9527   -47.1385
 103  20180529 20180728     29.72720     60.0000  -120.00007   -60.00003    -2.9527    26.7745
 104  20180529 20180809    -22.19240     72.0000  -120.00007   -48.00002    -2.9527   -25.1451
 105  20180529 20180821     11.35040     84.0001  -120.00007   -36.00001    -2.9527     8.3977
 106  20180610 20180622    -54.10850     12.0000  -108.00006   -96.00006    13.5966   -40.5119
 107  20180610 20180704     28.08460     24.0000  -108.00006   -84.00004    13.5966    41.6812
 108  20180610 20180716    -60.73510     36.0000  -108.00006   -72.00004    13.5966   -47.1385
 109  20180610 20180728     13.17790     48.0000  -108.00006   -60.00003    13.5966    26.7745
 110  20180610 20180809    -38.74170     60.0000  -108.00006   -48.00002    13.5966   -25.1451
 111  20180610 20180821     -5.19890     72.0001  -108.00006   -36.00001    13.5966     8.3977
 112  20180610 20180902    -29.64330     84.0001  -108.00006   -24.00001    13.5966   -16.0467
 113  20180622 20180704     82.19310     12.0000   -96.00006   -84.00004   -40.5119    41.6812
 114  20180622 20180716     -6.62660     24.0000   -96.00006   -72.00004   -40.5119   -47.1385
 115  20180622 20180728     67.28640     36.0000   -96.00006   -60.00003   -40.5119    26.7745
 116  20180622 20180809     15.36680     48.0000   -96.00006   -48.00002   -40.5119   -25.1451
 117  20180622 20180821     48.90960     60.0000   -96.00006   -36.00001   -40.5119     8.3977
 118  20180622 20180902     24.46520     72.0000   -96.00006   -24.00001   -40.5119   -16.0467
 119  20180622 20180914     54.98430     84.0001   -96.00006   -12.00000   -40.5119    14.4724
 120  20180704 20180716    -88.81970     12.0000   -84.00004   -72.00004    41.6812   -47.1385
 121  20180704 20180728    -14.90670     24.0000   -84.00004   -60.00003    41.6812    26.7745
 122  20180704 20180809    -66.82630     36.0000   -84.00004   -48.00002    41.6812   -25.1451
 123  20180704 20180821    -33.28350     48.0000   -84.00004   -36.00001    41.6812     8.3977
 124  20180704 20180902    -57.72790     60.0000   -84.00004   -24.00001    41.6812   -16.0467
 125  20180704 20180914    -27.20880     72.0000   -84.00004   -12.00000    41.6812    14.4724
 126  20180704 20180926    -41.68120     84.0000   -84.00004     0.00000    41.6812     0.0000
 127  20180716 20180728     73.91300     12.0000   -72.00004   -60.00003   -47.1385    26.7745
 128  20180716 20180809     21.99340     24.0000   -72.00004   -48.00002   -47.1385   -25.1451
 129  20180716 20180821     55.53620     36.0000   -72.00004   -36.00001   -47.1385     8.3977
 130  20180716 20180902     31.09180     48.0000   -72.00004   -24.00001   -47.1385   -16.0467
 131  20180716 20180914     61.61090     60.0000   -72.00004   -12.00000   -47.1385    14.4724
 132  20180716 20180926     47.13850     72.0000   -72.00004     0.00000   -47.1385     0.0000
 133  20180716 20181008    151.88720     84.0000   -72.00004    12.00001   -47.1385   104.7487
 134  20180728 20180809    -51.91960     12.0000   -60.00003   -48.00002    26.7745   -25.1451
 135  20180728 20180821    -18.37680     24.0000   -60.00003   -36.00001    26.7745     8.3977
 136  20180728 20180902    -42.82120     36.0000   -60.00003   -24.00001    26.7745   -16.0467
 137  20180728 20180914    -12.30210     48.0000   -60.00003   -12.00000    26.7745    14.4724
 138  20180728 20180926    -26.77450     60.0000   -60.00003     0.00000    26.7745     0.0000
 139  20180728 20181008     77.97420     72.0000   -60.00003    12.00001    26.7745   104.7487
 140  20180728 20181020     22.65050     84.0000   -60.00003    24.00001    26.7745    49.4250
 141  20180809 20180821     33.54280     12.0000   -48.00002   -36.00001   -25.1451     8.3977
 142  20180809 20180902      9.09840     24.0000   -48.00002   -24.00001   -25.1451   -16.0467
 143  20180809 20180914     39.61750     36.0000   -48.00002   -12.00000   -25.1451    14.4724
 144  20180809 20180926     25.14510     48.0000   -48.00002     0.00000   -25.1451     0.0000
 145  20180809 20181008    129.89380     60.0000   -48.00002    12.00001   -25.1451   104.7487
 146  20180809 20181020     74.57010     72.0000   -48.00002    24.00001   -25.1451    49.4250
 147  20180809 20181101     82.86110     84.0000   -48.00002    36.00001   -25.1451    57.7160
 148  20180821 20180902    -24.44440     12.0000   -36.00001   -24.00001     8.3977   -16.0467
 149  20180821 20180914      6.07470     24.0000   -36.00001   -12.00000     8.3977    14.4724
 150  20180821 20180926     -8.39770     36.0000   -36.00001     0.00000     8.3977     0.0000
 151  20180821 20181008     96.35100     48.0000   -36.00001    12.00001     8.3977   104.7487
 152  20180821 20181020     41.02730     60.0000   -36.00001    24.00001     8.3977    49.4250
 153  20180821 20181101     49.31830     72.0000   -36.00001    36.00001     8.3977    57.7160
 154  20180821 20181113     98.42230     84.0000   -36.00001    48.00000     8.3977   106.8200
 155  20180902 20180914     30.51910     12.0000   -24.00001   -12.00000   -16.0467    14.4724
 156  20180902 20180926     16.04670     24.0000   -24.00001     0.00000   -16.0467     0.0000
 157  20180902 20181008    120.79540     36.0000   -24.00001    12.00001   -16.0467   104.7487
 158  20180902 20181020     65.47170     48.0000   -24.00001    24.00001   -16.0467    49.4250
 159  20180902 20181101     73.76270     60.0000   -24.00001    36.00001   -16.0467    57.7160
 160  20180902 20181113    122.86670     72.0000   -24.00001    48.00000   -16.0467   106.8200
 161  20180902 20181125    119.53780     84.0000   -24.00001    60.00000   -16.0467   103.4911
 162  20180914 20180926    -14.47240     12.0000   -12.00000     0.00000    14.4724     0.0000
 163  20180914 20181008     90.27630     24.0000   -12.00000    12.00001    14.4724   104.7487
 164  20180914 20181020     34.95260     36.0000   -12.00000    24.00001    14.4724    49.4250
 165  20180914 20181101     43.24360     48.0000   -12.00000    36.00001    14.4724    57.7160
 166  20180914 20181113     92.34760     60.0000   -12.00000    48.00000    14.4724   106.8200
 167  20180914 20181125     89.01870     72.0000   -12.00000    60.00000    14.4724   103.4911
 168  20180914 20181207    103.78900     84.0000   -12.00000    72.00000    14.4724   118.2614
 169  20180926 20181008    104.74870     12.0000     0.00000    12.00001     0.0000   104.7487
 170  20180926 20181020     49.42500     24.0000     0.00000    24.00001     0.0000    49.4250
 171  20180926 20181101     57.71600     36.0000     0.00000    36.00001     0.0000    57.7160
 172  20180926 20181113    106.82000     48.0000     0.00000    48.00000     0.0000   106.8200
 173  20180926 20181125    103.49110     60.0000     0.00000    60.00000     0.0000   103.4911
 174  20180926 20181207    118.26140     72.0000     0.00000    72.00000     0.0000   118.2614
 175  20180926 20181219     27.19650     84.0000     0.00000    83.99999     0.0000    27.1965
 176  20181008 20181020    -55.32370     12.0000    12.00001    24.00001   104.7487    49.4250
 177  20181008 20181101    -47.03270     24.0000    12.00001    36.00001   104.7487    57.7160
 178  20181008 20181113      2.07130     36.0000    12.00001    48.00000   104.7487   106.8200
 179  20181008 20181125     -1.25760     48.0000    12.00001    60.00000   104.7487   103.4911
 180  20181008 20181207     13.51270     60.0000    12.00001    72.00000   104.7487   118.2614
 181  20181008 20181219    -77.55220     72.0000    12.00001    83.99999   104.7487    27.1965
 182  20181008 20181231    -90.27750     84.0000    12.00001    95.99999   104.7487    14.4712
 183  20181020 20181101      8.29100     12.0000    24.00001    36.00001    49.4250    57.7160
 184  20181020 20181113     57.39500     24.0000    24.00001    48.00000    49.4250   106.8200
 185  20181020 20181125     54.06610     36.0000    24.00001    60.00000    49.4250   103.4911
 186  20181020 20181207     68.83640     48.0000    24.00001    72.00000    49.4250   118.2614
 187  20181020 20181219    -22.22850     60.0000    24.00001    83.99999    49.4250    27.1965
 188  20181020 20181231    -34.95380     72.0000    24.00001    95.99999    49.4250    14.4712
 189  20181101 20181113     49.10400     12.0000    36.00001    48.00000    57.7160   106.8200
 190  20181101 20181125     45.77510     24.0000    36.00001    60.00000    57.7160   103.4911
 191  20181101 20181207     60.54540     36.0000    36.00001    72.00000    57.7160   118.2614
 192  20181101 20181219    -30.51950     48.0000    36.00001    83.99999    57.7160    27.1965
 193  20181101 20181231    -43.24480     60.0000    36.00001    95.99999    57.7160    14.4712
 194  20181113 20181125     -3.32890     12.0000    48.00000    60.00000   106.8200   103.4911
 195  20181113 20181207     11.44140     24.0000    48.00000    72.00000   106.8200   118.2614
 196  20181113 20181219    -79.62350     36.0000    48.00000    83.99999   106.8200    27.1965
 197  20181113 20181231    -92.34880     48.0000    48.00000    95.99999   106.8200    14.4712
 198  20181113 20190205     52.61210     84.0000    48.00000   131.99997   106.8200   159.4321
 199  20181125 20181207     14.77030     12.0000    60.00000    72.00000   103.4911   118.2614
 200  20181125 20181219    -76.29460     24.0000    60.00000    83.99999   103.4911    27.1965
 201  20181125 20181231    -89.01990     36.0000    60.00000    95.99999   103.4911    14.4712
 202  20181125 20190205     55.94100     72.0000    60.00000   131.99997   103.4911   159.4321
 203  20181125 20190217    -46.94560     84.0000    60.00000   143.99997   103.4911    56.5455
 204  20181207 20181219    -91.06490     12.0000    72.00000    83.99999   118.2614    27.1965
 205  20181207 20181231   -103.79020     24.0000    72.00000    95.99999   118.2614    14.4712
 206  20181207 20190205     41.17070     60.0000    72.00000   131.99997   118.2614   159.4321
 207  20181207 20190217    -61.71590     72.0000    72.00000   143.99997   118.2614    56.5455
 208  20181219 20181231    -12.72530     12.0000    83.99999    95.99999    27.1965    14.4712
 209  20181219 20190205    132.23560     48.0000    83.99999   131.99997    27.1965   159.4321
 210  20181219 20190217     29.34900     60.0000    83.99999   143.99997    27.1965    56.5455
 211  20181231 20190205    144.96090     36.0000    95.99999   131.99997    14.4712   159.4321
 212  20181231 20190217     42.07430     48.0000    95.99999   143.99997    14.4712    56.5455
 213  20181231 20190325    -28.89870     84.0000    95.99999   179.99997    14.4712   -14.4275
 214  20190205 20190217   -102.88660     12.0000   131.99997   143.99997   159.4321    56.5455
 215  20190205 20190325   -173.85960     48.0000   131.99997   179.99997   159.4321   -14.4275
 216  20190205 20190406    -42.33340     60.0000   131.99997   191.99997   159.4321   117.0987
 217  20190205 20190430    -65.37590     84.0000   131.99997   215.99999   159.4321    94.0562
 218  20190217 20190325    -70.97300     36.0000   143.99997   179.99997    56.5455   -14.4275
 219  20190217 20190406     60.55320     48.0000   143.99997   191.99997    56.5455   117.0987
 220  20190217 20190430     37.51070     72.0000   143.99997   215.99999    56.5455    94.0562
 221  20190217 20190512   -127.94110     84.0000   143.99997   227.99999    56.5455   -71.3956
 222  20190325 20190406    131.52620     12.0000   179.99997   191.99997   -14.4275   117.0987
 223  20190325 20190430    108.48370     36.0000   179.99997   215.99999   -14.4275    94.0562
 224  20190325 20190512    -56.96810     48.0000   179.99997   227.99999   -14.4275   -71.3956
 225  20190325 20190524     52.23290     60.0000   179.99997   240.00000   -14.4275    37.8054
 226  20190325 20190605     56.08660     72.0000   179.99997   252.00000   -14.4275    41.6591
 227  20190325 20190617    101.46600     84.0000   179.99997   264.00001   -14.4275    87.0385
 228  20190406 20190430    -23.04250     24.0000   191.99997   215.99999   117.0987    94.0562
 229  20190406 20190512   -188.49430     36.0000   191.99997   227.99999   117.0987   -71.3956
 230  20190406 20190524    -79.29330     48.0000   191.99997   240.00000   117.0987    37.8054
 231  20190406 20190605    -75.43960     60.0000   191.99997   252.00000   117.0987    41.6591
 232  20190406 20190617    -30.06020     72.0000   191.99997   264.00001   117.0987    87.0385
 233  20190430 20190512   -165.45180     12.0000   215.99999   227.99999    94.0562   -71.3956
 234  20190430 20190524    -56.25080     24.0000   215.99999   240.00000    94.0562    37.8054
 235  20190430 20190605    -52.39710     36.0000   215.99999   252.00000    94.0562    41.6591
 236  20190430 20190617     -7.01770     48.0000   215.99999   264.00001    94.0562    87.0385
 237  20190430 20190723    -89.84720     84.0001   215.99999   300.00004    94.0562     4.2090
 238  20190512 20190524    109.20100     12.0000   227.99999   240.00000   -71.3956    37.8054
 239  20190512 20190605    113.05470     24.0000   227.99999   252.00000   -71.3956    41.6591
 240  20190512 20190617    158.43410     36.0000   227.99999   264.00001   -71.3956    87.0385
 241  20190512 20190723     75.60460     72.0000   227.99999   300.00004   -71.3956     4.2090
 242  20190512 20190804     58.58880     84.0001   227.99999   312.00005   -71.3956   -12.8068
 243  20190524 20190605      3.85370     12.0000   240.00000   252.00000    37.8054    41.6591
 244  20190524 20190617     49.23310     24.0000   240.00000   264.00001    37.8054    87.0385
 245  20190524 20190723    -33.59640     60.0000   240.00000   300.00004    37.8054     4.2090
 246  20190524 20190804    -50.61220     72.0000   240.00000   312.00005    37.8054   -12.8068
 247  20190524 20190816     39.18350     84.0001   240.00000   324.00006    37.8054    76.9889
 248  20190605 20190617     45.37940     12.0000   252.00000   264.00001    41.6591    87.0385
 249  20190605 20190723    -37.45010     48.0000   252.00000   300.00004    41.6591     4.2090
 250  20190605 20190804    -54.46590     60.0000   252.00000   312.00005    41.6591   -12.8068
 251  20190605 20190816     35.32980     72.0001   252.00000   324.00006    41.6591    76.9889
 252  20190617 20190723    -82.82950     36.0000   264.00001   300.00004    87.0385     4.2090
 253  20190617 20190804    -99.84530     48.0000   264.00001   312.00005    87.0385   -12.8068
 254  20190617 20190816    -10.04960     60.0000   264.00001   324.00006    87.0385    76.9889
 255  20190617 20190909    -50.41510     84.0001   264.00001   348.00007    87.0385    36.6234
 256  20190723 20190804    -17.01580     12.0000   300.00004   312.00005     4.2090   -12.8068
 257  20190723 20190816     72.77990     24.0000   300.00004   324.00006     4.2090    76.9889
 258  20190723 20190909     32.41440     48.0000   300.00004   348.00007     4.2090    36.6234
 259  20190723 20190921     15.86070     60.0000   300.00004   360.00007     4.2090    20.0697
 260  20190804 20190816     89.79570     12.0000   312.00005   324.00006   -12.8068    76.9889
 261  20190804 20190909     49.43020     36.0000   312.00005   348.00007   -12.8068    36.6234
 262  20190804 20190921     32.87650     48.0000   312.00005   360.00007   -12.8068    20.0697
 263  20190816 20190909    -40.36550     24.0000   324.00006   348.00007    76.9889    36.6234
 264  20190816 20190921    -56.91920     36.0000   324.00006   360.00007    76.9889    20.0697
 265  20190816 20191108    -88.85120     84.0000   324.00006   408.00008    76.9889   -11.8623
 266  20190909 20190921    -16.55370     12.0000   348.00007   360.00007    36.6234    20.0697
 267  20190909 20191108    -48.48570     60.0000   348.00007   408.00008    36.6234   -11.8623
 268  20190909 20191120     22.80400     72.0000   348.00007   420.00008    36.6234    59.4274
 269  20190909 20191202     41.99650     84.0000   348.00007   432.00007    36.6234    78.6199
 270  20190921 20191108    -31.93200     48.0000   360.00007   408.00008    20.0697   -11.8623
 271  20190921 20191120     39.35770     60.0000   360.00007   420.00008    20.0697    59.4274
 272  20190921 20191202     58.55020     72.0000   360.00007   432.00007    20.0697    78.6199
 273  20191108 20191120     71.28970     12.0000   408.00008   420.00008   -11.8623    59.4274
 274  20191108 20191202     90.48220     24.0000   408.00008   432.00007   -11.8623    78.6199
 275  20191108 20200107     51.26820     60.0000   408.00008   468.00006   -11.8623    39.4059
 276  20191108 20200119     -0.89770     72.0000   408.00008   480.00005   -11.8623   -12.7600
 277  20191108 20200131     55.72560     84.0000   408.00008   492.00005   -11.8623    43.8633
 278  20191120 20191202     19.19250     12.0000   420.00008   432.00007    59.4274    78.6199
 279  20191120 20200107    -20.02150     48.0000   420.00008   468.00006    59.4274    39.4059
 280  20191120 20200119    -72.18740     60.0000   420.00008   480.00005    59.4274   -12.7600
 281  20191120 20200131    -15.56410     72.0000   420.00008   492.00005    59.4274    43.8633
 282  20191202 20200107    -39.21400     36.0000   432.00007   468.00006    78.6199    39.4059
 283  20191202 20200119    -91.37990     48.0000   432.00007   480.00005    78.6199   -12.7600
 284  20191202 20200131    -34.75660     60.0000   432.00007   492.00005    78.6199    43.8633
 285  20200107 20200119    -52.16590     12.0000   468.00006   480.00005    39.4059   -12.7600
 286  20200107 20200131      4.45740     24.0000   468.00006   492.00005    39.4059    43.8633
 287  20200107 20200307     32.39270     60.0000   468.00006   528.00004    39.4059    71.7986
 288  20200107 20200331    -55.15790     84.0000   468.00006   552.00004    39.4059   -15.7520
 289  20200119 20200131     56.62330     12.0000   480.00005   492.00005   -12.7600    43.8633
 290  20200119 20200307     84.55860     48.0000   480.00005   528.00004   -12.7600    71.7986
 291  20200119 20200331     -2.99200     72.0000   480.00005   552.00004   -12.7600   -15.7520
 292  20200131 20200307     27.93530     36.0000   492.00005   528.00004    43.8633    71.7986
 293  20200131 20200331    -59.61530     60.0000   492.00005   552.00004    43.8633   -15.7520
 294  20200307 20200331    -87.55060     24.0000   528.00004   552.00004    71.7986   -15.7520
 295  20200307 20200506     15.58570     60.0000   528.00004   588.00006    71.7986    87.3843
 296  20200307 20200518    -91.43420     72.0000   528.00004   600.00007    71.7986   -19.6356
 297  20200307 20200530    -99.09070     84.0000   528.00004   612.00008    71.7986   -27.2921
 298  20200331 20200506    103.13630     36.0000   552.00004   588.00006   -15.7520    87.3843
 299  20200331 20200518     -3.88360     48.0000   552.00004   600.00007   -15.7520   -19.6356
 300  20200331 20200530    -11.54010     60.0000   552.00004   612.00008   -15.7520   -27.2921
 301  20200331 20200611     28.59650     72.0000   552.00004   624.00009   -15.7520    12.8445
 302  20200331 20200623     54.03850     84.0000   552.00004   636.00009   -15.7520    38.2865
 303  20200506 20200518   -107.01990     12.0000   588.00006   600.00007    87.3843   -19.6356
 304  20200506 20200530   -114.67640     24.0000   588.00006   612.00008    87.3843   -27.2921
 305  20200506 20200611    -74.53980     36.0000   588.00006   624.00009    87.3843    12.8445
 306  20200506 20200623    -49.09780     48.0000   588.00006   636.00009    87.3843    38.2865
 307  20200506 20200705    -57.62480     60.0000   588.00006   648.00010    87.3843    29.7595
 308  20200506 20200717    -77.58710     72.0000   588.00006   660.00011    87.3843     9.7972
 309  20200506 20200729    -19.41300     84.0001   588.00006   672.00012    87.3843    67.9713
 310  20200518 20200530     -7.65650     12.0000   600.00007   612.00008   -19.6356   -27.2921
 311  20200518 20200611     32.48010     24.0000   600.00007   624.00009   -19.6356    12.8445
 312  20200518 20200623     57.92210     36.0000   600.00007   636.00009   -19.6356    38.2865
 313  20200518 20200705     49.39510     48.0000   600.00007   648.00010   -19.6356    29.7595
 314  20200518 20200717     29.43280     60.0000   600.00007   660.00011   -19.6356     9.7972
 315  20200518 20200729     87.60690     72.0001   600.00007   672.00012   -19.6356    67.9713
 316  20200518 20200810     55.26880     84.0001   600.00007   684.00013   -19.6356    35.6332
 317  20200530 20200611     40.13660     12.0000   612.00008   624.00009   -27.2921    12.8445
 318  20200530 20200623     65.57860     24.0000   612.00008   636.00009   -27.2921    38.2865
 319  20200530 20200705     57.05160     36.0000   612.00008   648.00010   -27.2921    29.7595
 320  20200530 20200717     37.08930     48.0000   612.00008   660.00011   -27.2921     9.7972
 321  20200530 20200729     95.26340     60.0000   612.00008   672.00012   -27.2921    67.9713
 322  20200530 20200810     62.92530     72.0000   612.00008   684.00013   -27.2921    35.6332
 323  20200530 20200822     33.12220     84.0001   612.00008   696.00013   -27.2921     5.8301
 324  20200611 20200623     25.44200     12.0000   624.00009   636.00009    12.8445    38.2865
 325  20200611 20200705     16.91500     24.0000   624.00009   648.00010    12.8445    29.7595
 326  20200611 20200717     -3.04730     36.0000   624.00009   660.00011    12.8445     9.7972
 327  20200611 20200729     55.12680     48.0000   624.00009   672.00012    12.8445    67.9713
 328  20200611 20200810     22.78870     60.0000   624.00009   684.00013    12.8445    35.6332
 329  20200611 20200822     -7.01440     72.0000   624.00009   696.00013    12.8445     5.8301
 330  20200611 20200903     46.84360     84.0001   624.00009   708.00014    12.8445    59.6881
 331  20200623 20200705     -8.52700     12.0000   636.00009   648.00010    38.2865    29.7595
 332  20200623 20200717    -28.48930     24.0000   636.00009   660.00011    38.2865     9.7972
 333  20200623 20200729     29.68480     36.0000   636.00009   672.00012    38.2865    67.9713
 334  20200623 20200810     -2.65330     48.0000   636.00009   684.00013    38.2865    35.6332
 335  20200623 20200822    -32.45640     60.0000   636.00009   696.00013    38.2865     5.8301
 336  20200623 20200903     21.40160     72.0000   636.00009   708.00014    38.2865    59.6881
 337  20200623 20200915     25.44150     84.0001   636.00009   720.00015    38.2865    63.7280
 338  20200705 20200717    -19.96230     12.0000   648.00010   660.00011    29.7595     9.7972
 339  20200705 20200729     38.21180     24.0000   648.00010   672.00012    29.7595    67.9713
 340  20200705 20200810      5.87370     36.0000   648.00010   684.00013    29.7595    35.6332
 341  20200705 20200822    -23.92940     48.0000   648.00010   696.00013    29.7595     5.8301
 342  20200705 20200903     29.92860     60.0000   648.00010   708.00014    29.7595    59.6881
 343  20200705 20200915     33.96850     72.0000   648.00010   720.00015    29.7595    63.7280
 344  20200705 20200927      0.15880     84.0001   648.00010   732.00015    29.7595    29.9183
 345  20200717 20200729     58.17410     12.0000   660.00011   672.00012     9.7972    67.9713
 346  20200717 20200810     25.83600     24.0000   660.00011   684.00013     9.7972    35.6332
 347  20200717 20200822     -3.96710     36.0000   660.00011   696.00013     9.7972     5.8301
 348  20200717 20200903     49.89090     48.0000   660.00011   708.00014     9.7972    59.6881
 349  20200717 20200915     53.93080     60.0000   660.00011   720.00015     9.7972    63.7280
 350  20200717 20200927     20.12110     72.0000   660.00011   732.00015     9.7972    29.9183
 351  20200729 20200810    -32.33810     12.0000   672.00012   684.00013    67.9713    35.6332
 352  20200729 20200822    -62.14120     24.0000   672.00012   696.00013    67.9713     5.8301
 353  20200729 20200903     -8.28320     36.0000   672.00012   708.00014    67.9713    59.6881
 354  20200729 20200915     -4.24330     48.0000   672.00012   720.00015    67.9713    63.7280
 355  20200729 20200927    -38.05300     60.0000   672.00012   732.00015    67.9713    29.9183
 356  20200729 20201021   -131.07920     84.0000   672.00012   756.00015    67.9713   -63.1079
 357  20200810 20200822    -29.80310     12.0000   684.00013   696.00013    35.6332     5.8301
 358  20200810 20200903     24.05490     24.0000   684.00013   708.00014    35.6332    59.6881
 359  20200810 20200915     28.09480     36.0000   684.00013   720.00015    35.6332    63.7280
 360  20200810 20200927     -5.71490     48.0000   684.00013   732.00015    35.6332    29.9183
 361  20200810 20201021    -98.74110     72.0000   684.00013   756.00015    35.6332   -63.1079
 362  20200810 20201102     40.93260     84.0000   684.00013   768.00015    35.6332    76.5658
 363  20200822 20200903     53.85800     12.0000   696.00013   708.00014     5.8301    59.6881
 364  20200822 20200915     57.89790     24.0000   696.00013   720.00015     5.8301    63.7280
 365  20200822 20200927     24.08820     36.0000   696.00013   732.00015     5.8301    29.9183
 366  20200822 20201021    -68.93800     60.0000   696.00013   756.00015     5.8301   -63.1079
 367  20200822 20201102     70.73570     72.0000   696.00013   768.00015     5.8301    76.5658
 368  20200822 20201114     47.91750     84.0000   696.00013   780.00015     5.8301    53.7476
 369  20200903 20200915      4.03990     12.0000   708.00014   720.00015    59.6881    63.7280
 370  20200903 20200927    -29.76980     24.0000   708.00014   732.00015    59.6881    29.9183
 371  20200903 20201021   -122.79600     48.0000   708.00014   756.00015    59.6881   -63.1079
 372  20200903 20201102     16.87770     60.0000   708.00014   768.00015    59.6881    76.5658
 373  20200903 20201114     -5.94050     72.0000   708.00014   780.00015    59.6881    53.7476
 374  20200903 20201126    -52.27450     84.0000   708.00014   792.00015    59.6881     7.4136
 375  20200915 20200927    -33.80970     12.0000   720.00015   732.00015    63.7280    29.9183
 376  20200915 20201021   -126.83590     36.0000   720.00015   756.00015    63.7280   -63.1079
 377  20200915 20201102     12.83780     48.0000   720.00015   768.00015    63.7280    76.5658
 378  20200915 20201114     -9.98040     60.0000   720.00015   780.00015    63.7280    53.7476
 379  20200915 20201126    -56.31440     72.0000   720.00015   792.00015    63.7280     7.4136
 380  20200927 20201021    -93.02620     24.0000   732.00015   756.00015    29.9183   -63.1079
 381  20200927 20201102     46.64750     36.0000   732.00015   768.00015    29.9183    76.5658
 382  20200927 20201114     23.82930     48.0000   732.00015   780.00015    29.9183    53.7476
 383  20200927 20201126    -22.50470     60.0000   732.00015   792.00015    29.9183     7.4136
 384  20200927 20201220     38.97500     84.0000   732.00015   816.00014    29.9183    68.8933
 385  20201021 20201102    139.67370     12.0000   756.00015   768.00015   -63.1079    76.5658
 386  20201021 20201114    116.85550     24.0000   756.00015   780.00015   -63.1079    53.7476
 387  20201021 20201126     70.52150     36.0000   756.00015   792.00015   -63.1079     7.4136
 388  20201021 20201220    132.00120     60.0000   756.00015   816.00014   -63.1079    68.8933
 389  20201021 20210101    178.65240     72.0000   756.00015   828.00013   -63.1079   115.5445
 390  20201021 20210113    180.56080     84.0000   756.00015   840.00012   -63.1079   117.4529
 391  20201102 20201114    -22.81820     12.0000   768.00015   780.00015    76.5658    53.7476
 392  20201102 20201126    -69.15220     24.0000   768.00015   792.00015    76.5658     7.4136
 393  20201102 20201220     -7.67250     48.0000   768.00015   816.00014    76.5658    68.8933
 394  20201102 20210101     38.97870     60.0000   768.00015   828.00013    76.5658   115.5445
 395  20201102 20210113     40.88710     72.0000   768.00015   840.00012    76.5658   117.4529
 396  20201102 20210125    -17.45800     84.0000   768.00015   852.00012    76.5658    59.1078
 397  20201114 20201126    -46.33400     12.0000   780.00015   792.00015    53.7476     7.4136
 398  20201114 20201220     15.14570     36.0000   780.00015   816.00014    53.7476    68.8933
 399  20201114 20210101     61.79690     48.0000   780.00015   828.00013    53.7476   115.5445
 400  20201114 20210113     63.70530     60.0000   780.00015   840.00012    53.7476   117.4529
 401  20201114 20210125      5.36020     72.0000   780.00015   852.00012    53.7476    59.1078
 402  20201126 20201220     61.47970     24.0000   792.00015   816.00014     7.4136    68.8933
 403  20201126 20210101    108.13090     36.0000   792.00015   828.00013     7.4136   115.5445
 404  20201126 20210113    110.03930     48.0000   792.00015   840.00012     7.4136   117.4529
 405  20201126 20210125     51.69420     60.0000   792.00015   852.00012     7.4136    59.1078
 406  20201220 20210101     46.65120     12.0000   816.00014   828.00013    68.8933   115.5445
 407  20201220 20210113     48.55960     24.0000   816.00014   840.00012    68.8933   117.4529
 408  20201220 20210125     -9.78550     36.0000   816.00014   852.00012    68.8933    59.1078
 409  20201220 20210302    -45.19820     72.0000   816.00014   888.00011    68.8933    23.6951
 410  20201220 20210314      3.26960     84.0000   816.00014   900.00011    68.8933    72.1629
 411  20210101 20210113      1.90840     12.0000   828.00013   840.00012   115.5445   117.4529
 412  20210101 20210125    -56.43670     24.0000   828.00013   852.00012   115.5445    59.1078
 413  20210101 20210302    -91.84940     60.0000   828.00013   888.00011   115.5445    23.6951
 414  20210101 20210314    -43.38160     72.0000   828.00013   900.00011   115.5445    72.1629
 415  20210101 20210326    -75.33090     84.0000   828.00013   912.00011   115.5445    40.2136
 416  20210113 20210125    -58.34510     12.0000   840.00012   852.00012   117.4529    59.1078
 417  20210113 20210302    -93.75780     48.0000   840.00012   888.00011   117.4529    23.6951
 418  20210113 20210314    -45.29000     60.0000   840.00012   900.00011   117.4529    72.1629
 419  20210113 20210326    -77.23930     72.0000   840.00012   912.00011   117.4529    40.2136
 420  20210113 20210407    -98.17760     84.0000   840.00012   924.00011   117.4529    19.2753
 421  20210125 20210302    -35.41270     36.0000   852.00012   888.00011    59.1078    23.6951
 422  20210125 20210314     13.05510     48.0000   852.00012   900.00011    59.1078    72.1629
 423  20210125 20210326    -18.89420     60.0000   852.00012   912.00011    59.1078    40.2136
 424  20210125 20210407    -39.83250     72.0000   852.00012   924.00011    59.1078    19.2753
 425  20210125 20210419   -111.32600     84.0000   852.00012   936.00012    59.1078   -52.2182
 426  20210302 20210314     48.46780     12.0000   888.00011   900.00011    23.6951    72.1629
 427  20210302 20210326     16.51850     24.0000   888.00011   912.00011    23.6951    40.2136
 428  20210302 20210407     -4.41980     36.0000   888.00011   924.00011    23.6951    19.2753
 429  20210302 20210419    -75.91330     48.0000   888.00011   936.00012    23.6951   -52.2182
 430  20210302 20210501    -50.37780     60.0000   888.00011   948.00012    23.6951   -26.6827
 431  20210302 20210513     99.86820     72.0000   888.00011   960.00013    23.6951   123.5633
 432  20210302 20210525     65.77470     84.0000   888.00011   972.00014    23.6951    89.4698
 433  20210314 20210326    -31.94930     12.0000   900.00011   912.00011    72.1629    40.2136
 434  20210314 20210407    -52.88760     24.0000   900.00011   924.00011    72.1629    19.2753
 435  20210314 20210419   -124.38110     36.0000   900.00011   936.00012    72.1629   -52.2182
 436  20210314 20210501    -98.84560     48.0000   900.00011   948.00012    72.1629   -26.6827
 437  20210314 20210513     51.40040     60.0000   900.00011   960.00013    72.1629   123.5633
 438  20210314 20210525     17.30690     72.0000   900.00011   972.00014    72.1629    89.4698
 439  20210314 20210606      6.35880     84.0000   900.00011   984.00015    72.1629    78.5217
 440  20210326 20210407    -20.93830     12.0000   912.00011   924.00011    40.2136    19.2753
 441  20210326 20210419    -92.43180     24.0000   912.00011   936.00012    40.2136   -52.2182
 442  20210326 20210501    -66.89630     36.0000   912.00011   948.00012    40.2136   -26.6827
 443  20210326 20210513     83.34970     48.0000   912.00011   960.00013    40.2136   123.5633
 444  20210326 20210525     49.25620     60.0000   912.00011   972.00014    40.2136    89.4698
 445  20210326 20210606     38.30810     72.0000   912.00011   984.00015    40.2136    78.5217
 446  20210326 20210618    -35.55790     84.0000   912.00011   996.00016    40.2136     4.6557
 447  20210407 20210419    -71.49350     12.0000   924.00011   936.00012    19.2753   -52.2182
 448  20210407 20210501    -45.95800     24.0000   924.00011   948.00012    19.2753   -26.6827
 449  20210407 20210513    104.28800     36.0000   924.00011   960.00013    19.2753   123.5633
 450  20210407 20210525     70.19450     48.0000   924.00011   972.00014    19.2753    89.4698
 451  20210407 20210606     59.24640     60.0000   924.00011   984.00015    19.2753    78.5217
 452  20210407 20210618    -14.61960     72.0000   924.00011   996.00016    19.2753     4.6557
 453  20210407 20210630    -26.39220     84.0001   924.00011  1008.00017    19.2753    -7.1169
 454  20210419 20210501     25.53550     12.0000   936.00012   948.00012   -52.2182   -26.6827
 455  20210419 20210513    175.78150     24.0000   936.00012   960.00013   -52.2182   123.5633
 456  20210419 20210525    141.68800     36.0000   936.00012   972.00014   -52.2182    89.4698
 457  20210419 20210606    130.73990     48.0000   936.00012   984.00015   -52.2182    78.5217
 458  20210419 20210618     56.87390     60.0000   936.00012   996.00016   -52.2182     4.6557
 459  20210419 20210630     45.10130     72.0000   936.00012  1008.00017   -52.2182    -7.1169
 460  20210419 20210712     67.53130     84.0001   936.00012  1020.00017   -52.2182    15.3131
 461  20210501 20210513    150.24600     12.0000   948.00012   960.00013   -26.6827   123.5633
 462  20210501 20210525    116.15250     24.0000   948.00012   972.00014   -26.6827    89.4698
 463  20210501 20210606    105.20440     36.0000   948.00012   984.00015   -26.6827    78.5217
 464  20210501 20210618     31.33840     48.0000   948.00012   996.00016   -26.6827     4.6557
 465  20210501 20210630     19.56580     60.0000   948.00012  1008.00017   -26.6827    -7.1169
 466  20210501 20210712     41.99580     72.0000   948.00012  1020.00017   -26.6827    15.3131
 467  20210501 20210724     42.83750     84.0001   948.00012  1032.00018   -26.6827    16.1548
 468  20210513 20210525    -34.09350     12.0000   960.00013   972.00014   123.5633    89.4698
 469  20210513 20210606    -45.04160     24.0000   960.00013   984.00015   123.5633    78.5217
 470  20210513 20210618   -118.90760     36.0000   960.00013   996.00016   123.5633     4.6557
 471  20210513 20210630   -130.68020     48.0000   960.00013  1008.00017   123.5633    -7.1169
 472  20210513 20210712   -108.25020     60.0000   960.00013  1020.00017   123.5633    15.3131
 473  20210513 20210724   -107.40850     72.0000   960.00013  1032.00018   123.5633    16.1548
 474  20210513 20210805   -120.75220     84.0001   960.00013  1044.00019   123.5633     2.8111
 475  20210525 20210606    -10.94810     12.0000   972.00014   984.00015    89.4698    78.5217
 476  20210525 20210618    -84.81410     24.0000   972.00014   996.00016    89.4698     4.6557
 477  20210525 20210630    -96.58670     36.0000   972.00014  1008.00017    89.4698    -7.1169
 478  20210525 20210712    -74.15670     48.0000   972.00014  1020.00017    89.4698    15.3131
 479  20210525 20210724    -73.31500     60.0000   972.00014  1032.00018    89.4698    16.1548
 480  20210525 20210805    -86.65870     72.0000   972.00014  1044.00019    89.4698     2.8111
 481  20210525 20210817    -69.48590     84.0001   972.00014  1056.00020    89.4698    19.9839
 482  20210606 20210618    -73.86600     12.0000   984.00015   996.00016    78.5217     4.6557
 483  20210606 20210630    -85.63860     24.0000   984.00015  1008.00017    78.5217    -7.1169
 484  20210606 20210712    -63.20860     36.0000   984.00015  1020.00017    78.5217    15.3131
 485  20210606 20210724    -62.36690     48.0000   984.00015  1032.00018    78.5217    16.1548
 486  20210606 20210805    -75.71060     60.0000   984.00015  1044.00019    78.5217     2.8111
 487  20210606 20210817    -58.53780     72.0000   984.00015  1056.00020    78.5217    19.9839
 488  20210606 20210829    -57.61250     84.0001   984.00015  1068.00020    78.5217    20.9092
 489  20210618 20210630    -11.77260     12.0000   996.00016  1008.00017     4.6557    -7.1169
 490  20210618 20210712     10.65740     24.0000   996.00016  1020.00017     4.6557    15.3131
 491  20210618 20210724     11.49910     36.0000   996.00016  1032.00018     4.6557    16.1548
 492  20210618 20210805     -1.84460     48.0000   996.00016  1044.00019     4.6557     2.8111
 493  20210618 20210817     15.32820     60.0000   996.00016  1056.00020     4.6557    19.9839
 494  20210618 20210829     16.25350     72.0000   996.00016  1068.00020     4.6557    20.9092
 495  20210618 20210910     23.64130     84.0001   996.00016  1080.00021     4.6557    28.2970
 496  20210630 20210712     22.43000     12.0000  1008.00017  1020.00017    -7.1169    15.3131
 497  20210630 20210724     23.27170     24.0000  1008.00017  1032.00018    -7.1169    16.1548
 498  20210630 20210805      9.92800     36.0000  1008.00017  1044.00019    -7.1169     2.8111
 499  20210630 20210817     27.10080     48.0000  1008.00017  1056.00020    -7.1169    19.9839
 500  20210630 20210829     28.02610     60.0000  1008.00017  1068.00020    -7.1169    20.9092
 501  20210630 20210910     35.41390     72.0000  1008.00017  1080.00021    -7.1169    28.2970
 502  20210630 20210922     41.31910     84.0001  1008.00017  1092.00022    -7.1169    34.2022
 503  20210712 20210724      0.84170     12.0000  1020.00017  1032.00018    15.3131    16.1548
 504  20210712 20210805    -12.50200     24.0000  1020.00017  1044.00019    15.3131     2.8111
 505  20210712 20210817      4.67080     36.0000  1020.00017  1056.00020    15.3131    19.9839
 506  20210712 20210829      5.59610     48.0000  1020.00017  1068.00020    15.3131    20.9092
 507  20210712 20210910     12.98390     60.0000  1020.00017  1080.00021    15.3131    28.2970
 508  20210712 20210922     18.88910     72.0000  1020.00017  1092.00022    15.3131    34.2022
 509  20210712 20211004    144.04270     84.0000  1020.00017  1104.00022    15.3131   159.3558
 510  20210724 20210805    -13.34370     12.0000  1032.00018  1044.00019    16.1548     2.8111
 511  20210724 20210817      3.82910     24.0000  1032.00018  1056.00020    16.1548    19.9839
 512  20210724 20210829      4.75440     36.0000  1032.00018  1068.00020    16.1548    20.9092
 513  20210724 20210910     12.14220     48.0000  1032.00018  1080.00021    16.1548    28.2970
 514  20210724 20210922     18.04740     60.0000  1032.00018  1092.00022    16.1548    34.2022
 515  20210724 20211004    143.20100     72.0000  1032.00018  1104.00022    16.1548   159.3558
 516  20210724 20211016     28.22270     84.0000  1032.00018  1116.00022    16.1548    44.3775
 517  20210805 20210817     17.17280     12.0000  1044.00019  1056.00020     2.8111    19.9839
 518  20210805 20210829     18.09810     24.0000  1044.00019  1068.00020     2.8111    20.9092
 519  20210805 20210910     25.48590     36.0000  1044.00019  1080.00021     2.8111    28.2970
 520  20210805 20210922     31.39110     48.0000  1044.00019  1092.00022     2.8111    34.2022
 521  20210805 20211004    156.54470     60.0000  1044.00019  1104.00022     2.8111   159.3558
 522  20210805 20211016     41.56640     72.0000  1044.00019  1116.00022     2.8111    44.3775
 523  20210805 20211028     61.14690     84.0000  1044.00019  1128.00022     2.8111    63.9580
 524  20210817 20210829      0.92530     12.0000  1056.00020  1068.00020    19.9839    20.9092
 525  20210817 20210910      8.31310     24.0000  1056.00020  1080.00021    19.9839    28.2970
 526  20210817 20210922     14.21830     36.0000  1056.00020  1092.00022    19.9839    34.2022
 527  20210817 20211004    139.37190     48.0000  1056.00020  1104.00022    19.9839   159.3558
 528  20210817 20211016     24.39360     60.0000  1056.00020  1116.00022    19.9839    44.3775
 529  20210817 20211028     43.97410     72.0000  1056.00020  1128.00022    19.9839    63.9580
 530  20210817 20211109     30.50260     84.0000  1056.00020  1140.00022    19.9839    50.4865
 531  20210829 20210910      7.38780     12.0000  1068.00020  1080.00021    20.9092    28.2970
 532  20210829 20210922     13.29300     24.0000  1068.00020  1092.00022    20.9092    34.2022
 533  20210829 20211004    138.44660     36.0000  1068.00020  1104.00022    20.9092   159.3558
 534  20210829 20211016     23.46830     48.0000  1068.00020  1116.00022    20.9092    44.3775
 535  20210829 20211028     43.04880     60.0000  1068.00020  1128.00022    20.9092    63.9580
 536  20210829 20211109     29.57730     72.0000  1068.00020  1140.00022    20.9092    50.4865
 537  20210829 20211121    130.89660     84.0000  1068.00020  1152.00021    20.9092   151.8058
 538  20210910 20210922      5.90520     12.0000  1080.00021  1092.00022    28.2970    34.2022
 539  20210910 20211004    131.05880     24.0000  1080.00021  1104.00022    28.2970   159.3558
 540  20210910 20211016     16.08050     36.0000  1080.00021  1116.00022    28.2970    44.3775
 541  20210910 20211028     35.66100     48.0000  1080.00021  1128.00022    28.2970    63.9580
 542  20210910 20211109     22.18950     60.0000  1080.00021  1140.00022    28.2970    50.4865
 543  20210910 20211121    123.50880     72.0000  1080.00021  1152.00021    28.2970   151.8058
 544  20210922 20211004    125.15360     12.0000  1092.00022  1104.00022    34.2022   159.3558
 545  20210922 20211016     10.17530     24.0000  1092.00022  1116.00022    34.2022    44.3775
 546  20210922 20211028     29.75580     36.0000  1092.00022  1128.00022    34.2022    63.9580
 547  20210922 20211109     16.28430     48.0000  1092.00022  1140.00022    34.2022    50.4865
 548  20210922 20211121    117.60360     60.0000  1092.00022  1152.00021    34.2022   151.8058
 549  20210922 20211215     38.27670     84.0000  1092.00022  1176.00020    34.2022    72.4789
 550  20211004 20211016   -114.97830     12.0000  1104.00022  1116.00022   159.3558    44.3775
 551  20211004 20211028    -95.39780     24.0000  1104.00022  1128.00022   159.3558    63.9580
 552  20211004 20211109   -108.86930     36.0000  1104.00022  1140.00022   159.3558    50.4865
 553  20211004 20211121     -7.55000     48.0000  1104.00022  1152.00021   159.3558   151.8058
 554  20211004 20211215    -86.87690     72.0000  1104.00022  1176.00020   159.3558    72.4789
 555  20211016 20211028     19.58050     12.0000  1116.00022  1128.00022    44.3775    63.9580
 556  20211016 20211109      6.10900     24.0000  1116.00022  1140.00022    44.3775    50.4865
 557  20211016 20211121    107.42830     36.0000  1116.00022  1152.00021    44.3775   151.8058
 558  20211016 20211215     28.10140     60.0000  1116.00022  1176.00020    44.3775    72.4789
 559  20211028 20211109    -13.47150     12.0000  1128.00022  1140.00022    63.9580    50.4865
 560  20211028 20211121     87.84780     24.0000  1128.00022  1152.00021    63.9580   151.8058
 561  20211028 20211215      8.52090     48.0000  1128.00022  1176.00020    63.9580    72.4789
 562  20211109 20211121    101.31930     12.0000  1140.00022  1152.00021    50.4865   151.8058
 563  20211109 20211215     21.99240     36.0000  1140.00022  1176.00020    50.4865    72.4789
 564  20211121 20211215    -79.32690     24.0000  1152.00021  1176.00020   151.8058    72.4789
