45.705 34.508 11 4.3
46.287 34.614 8.1 3.8
46.104 34.648 8.1 2.8
46.226 34.638 8.5 3.4
46.077 34.615 9.9 4
46.218 34.511 15 3.9
45.843 34.279 8.1 2.9
46.185 34.598 11 3.6
45.648 34.882 16.1 2.8
45.747 34.4 17.5 3.6
46.185 34.597 10.3 3.7
46.177 34.602 10.9 3
45.413 34.429 17.9 4.9
45.877 34.626 4.2 3.2
46.134 34.603 9.1 2.9
45.58 34.855 18.9 3.6
45.935 34.679 15.3 2.7
45.81 34.757 11.9 3.3
46.046 34.576 6.9 2.6
46.276 34.643 7.9 3.3
45.756 34.713 7.7 2.7
45.55 34.521 15.3 2.6
46.123 34.636 7.1 3.6
46.29 34.571 0.9 2.7
45.853 34.629 5.1 2.7
45.949 34.516 9 2.7
45.635 34.865 15.7 3
46.261 34.587 8.5 2.7
45.837 34.417 11 2.8
45.69 34.324 29.2 3.6
45.906 34.397 14.7 4.2
45.822 34.519 19.1 2.8
45.719 34.721 18.4 3.3
46.176 34.608 10 3.1
45.712 34.678 10.2 2.9
45.743 34.645 14.2 2.5
45.755 34.702 8 3.4
45.796 35.001 8.1 3.4
45.76 34.719 8.2 3.2
45.703 34.43 15 3.8
45.714 34.424 17.2 3.9
45.956 34.639 18.8 2.8
46.074 34.383 9.1 3.4
45.765 34.71 7 2.6
46.153 34.686 8 2.9
45.83 34.406 13.6 2.9
45.707 34.597 12.8 2.6
45.806 34.855 8.6 2.6
45.592 34.737 11.1 2.4
46.199 34.6 11 3.7
45.738 34.816 9 3.9
46.212 34.594 10.7 3.2
46.139 34.662 12.1 3.4
46.152 34.612 9.1 2.8
45.836 34.924 11.7 3.2
46.21 34.609 11 3.6
46.193 34.597 10.7 3
45.783 34.692 6.1 2.4
45.688 34.82 8.4 3.3
45.553 34.821 17.5 3.7
45.767 34.614 8.3 2.6
45.774 34.75 6.5 3.3
46.246 34.644 8 3
45.732 34.729 14 2.4
45.759 34.621 15.3 3.6
46.34 34.69 8 2.9
45.901 34.978 15.2 3.2
46.332 34.665 10.1 3.2
45.76 35.033 8.3 3.3
45.75 35.043 8.5 3.4
46.284 34.662 5.2 3.3
45.895 34.62 8 2.3
45.816 34.53 11.6 3
45.775 34.874 25.9 4.8
45.74 34.727 25.4 2.6
45.748 34.479 14.2 2.8
46.232 34.597 8 2.6
45.737 34.815 7.5 2.5
46.253 34.599 10.7 2.8
45.735 34.751 9.4 2.4
45.659 34.431 21.3 2.9
45.771 34.722 8.4 2.7
45.627 34.573 19 3.4
45.55 34.68 11 2.8
45.705 34.477 16.6 2.3
45.755 34.719 6.8 2.5
45.709 34.754 9.7 2.7
45.741 34.688 8 3.1
46.297 34.63 6.2 3
45.799 34.641 14.8 2.5
45.737 34.814 8.7 2.6
45.664 34.339 13.2 3
45.669 34.611 11 2.2
46.349 34.694 8.7 2.8
45.735 34.717 6.6 3
45.933 34.538 8 3.2
45.749 34.707 8.5 2.8
45.652 34.818 10.8 2.7
45.817 34.988 15.3 3
45.915 34.53 8.1 2.6
45.861 35.101 8.5 3.6
45.863 35.098 7.9 3.5
46.098 34.705 10.1 3.3
45.754 34.522 14.1 2.4
45.695 34.676 10.9 3
45.841 34.924 12.4 3.1
45.693 34.917 8.3 2.7
45.99 34.613 8.5 2.5
46.004 34.918 8.8 3.5
45.857 34.973 13.8 2.7
45.673 34.742 9.9 3
45.938 34.394 15.8 3.6
45.883 34.35 8.2 3.4
45.734 34.676 13 3
45.625 34.639 15 2.7
45.697 34.833 7.9 3.3
45.708 34.489 16.6 3
45.909 35.083 12.4 2.5
45.746 34.722 6.4 2.8
45.752 34.72 6.8 2.9
45.996 34.487 10.1 2.4
46.008 34.492 8.8 2.2
45.923 34.844 17.2 3
45.56 34.56 16.5 2.9
45.772 34.794 10.6 3.5
46.134 34.61 7.9 2.4
45.571 34.553 18.4 4.1
45.832 35.013 7.8 2.9
45.831 35.014 8 2.9
45.58 34.55 17.4 2.8
45.572 34.552 16.9 2.7
46.267 34.67 5.8 3.3
45.811 34.877 9.2 2.7
45.777 34.527 12.2 2.5
45.78 34.508 11.5 2.8
45.745 34.822 8 3
45.76 34.643 6.5 3.5
46.346 34.577 5.5 3.2
45.714 34.765 14.9 3
45.757 34.72 5.9 2.5
45.91 34.624 6.7 2
45.895 34.466 11 2.6
45.737 34.83 4 2.3
45.792 34.931 9.6 2.6
45.79 34.928 8.6 2.4
45.792 34.931 9.6 2.5
45.796 34.59 14.3 2.6
45.784 34.629 13 2.7
46.296 34.683 6 3.6
46.025 34.888 9.6 2.2
45.829 34.932 16.8 2.4
45.726 34.712 7.8 3
46.191 34.605 7.9 2.5
45.996 34.606 6 2.4
45.556 34.725 15.5 3
46.184 34.548 7.9 2.8
45.677 34.851 11 3.9
45.664 34.861 11 4
45.8 34.429 11.1 3.9
45.725 34.772 11.1 2.6
45.726 34.725 10.1 2.6
45.654 34.59 15.8 2.4
45.868 34.497 11 2.6
46.094 34.569 8 3
46.106 34.567 8.9 3
46.099 34.57 8 3
46.098 34.571 7.7 3.1
46.099 34.573 7.7 2.6
46.103 34.569 8.3 3.1
45.862 34.901 11.4 3.1
45.867 34.902 11.9 3
44.993 34.042 36.9 3.5
46.095 34.562 8.2 2.5
45.682 34.922 8.5 3.8
45.915 34.532 9 2.7
46.159 34.542 7.4 3.4
45.649 34.981 12.2 3.2
45.769 34.726 7.7 2.5
45.661 34.972 12.8 3.2
45.7 34.47 17.1 2.6
45.724 34.712 9 2.9
45.768 34.766 9.2 3
45.911 34.424 9.5 3.1
45.674 34.569 13.8 2.8
45.984 34.495 8.1 2.1
45.695 34.922 12.5 4.9
45.693 34.918 12.5 5
46.291 34.643 8.2 2.8
45.939 34.516 8 1.9
45.75 34.701 6 2.2
45.693 34.648 13.4 2.3
45.737 34.551 12.9 2.4
45.81 34.982 21.1 3.7
45.705 34.603 13.8 2.7
45.757 34.578 15.1 4.3
45.623 34.788 14.6 3.6
45.858 34.589 6.8 2
45.635 34.793 14.1 4.5
45.764 34.475 18.5 2.9
45.619 34.787 11.8 4.5
45.779 34.568 13 2
45.743 34.866 9.1 2.2
45.858 34.52 9.6 1.7
45.848 34.79 13.6 2.1
45.691 34.597 3.4 2.9
45.687 34.61 7.7 2.9
45.88 34.356 7.7 2.4
46.07 34.623 7.9 2.3
45.859 34.876 8 2.5
45.911 34.423 8.9 1.9
45.742 34.488 16.5 1.9
45.74 34.493 15.3 1.8
46.169 34.645 7.7 2.2
46.32 34.701 8.2 2.6
45.751 34.491 15.6 2.9
45.811 34.608 14 3
45.805 34.616 14.7 3
45.926 34.407 11.4 3.2
45.915 34.413 11 3.3
45.699 34.92 8 2.8
45.746 34.662 9.3 2.8
45.734 34.911 10.8 2.5
46.268 34.628 7.9 2.7
45.902 34.486 12 3.7
45.922 34.49 10.7 2.4
45.915 34.479 15.1 3.3
45.906 34.48 13.9 3.2
45.919 34.488 11.1 2.8
45.812 34.455 13.1 2.3
46.109 34.573 8.7 3.1
46.109 34.573 8.6 3
45.881 34.58 6.9 2.7
45.69 34.71 10.8 3.3
45.768 34.511 7.7 2.3
45.596 34.587 11.3 2.3
45.779 34.477 16.6 3.5
45.786 34.475 12.6 3.5
46.035 34.682 8.1 2.2
46.034 34.683 8.2 2.5
46.089 34.566 7.6 1.9
45.89 34.62 7.7 2.2
46.17 34.6 7.5 2.6
45.549 34.565 15.8 2.3
45.751 34.708 6.7 2.6
45.771 34.822 8 2.5
45.739 34.82 13.7 2.5
45.886 34.631 7.7 2.4
45.634 34.545 17 3.1
45.613 34.555 16.8 3.2
45.91 34.59 7.4 2.4
45.627 34.548 17.9 2.9
45.613 34.557 17.3 2.8
46.282 34.634 9.3 2.8
45.786 35.062 4.8 2.9
46.226 34.532 11 2.3
45.919 34.531 8.8 3.1
46.093 34.57 8 3.2
46.1 34.566 7.5 2.6
46.033 34.687 9.6 2.5
45.659 34.519 17.1 2.5
45.728 34.579 17.2 2.3
45.781 34.597 12.7 2.2
46.034 34.685 8 2.3
46.297 34.668 5.4 2.8
46.272 34.486 8.4 2.3
46.096 34.571 8 3
46.304 34.668 6.3 2.9
46.016 34.575 0 3
45.891 34.609 6.6 2.2
45.773 34.633 16.2 2.8
45.847 34.995 0.7 3
45.622 34.763 14.1 3.1
45.621 34.765 14.2 3.3
45.904 34.484 12.2 3.9
46.107 34.611 3.5 3.7
45.889 34.611 6.5 2.6
45.743 34.626 10.7 2.5
45.751 34.554 13.7 3.6
46.033 34.687 8 2.7
45.566 34.564 13.9 2.7
45.887 34.612 7.9 2.8
45.641 34.628 15 2
46.394 34.589 7.1 3.4
45.974 34.52 10.3 2.4
46.081 34.631 5.5 2.9
46.103 34.574 7.6 2.5
45.684 34.856 7.2 3
46.288 34.669 7 3
46.298 34.685 7.8 3.6
46.101 34.57 8 2.5
46.064 34.547 8.3 2.2
45.603 34.814 9.5 3.8
45.718 34.754 8.4 3
46.028 34.591 8 2.5
45.714 34.781 7.6 3.2
46.033 34.684 8.6 2.2
45.776 34.535 14.6 3
46.193 34.613 8 2.8
45.791 34.459 17.1 2.2
46.095 34.574 8.6 2.6
46.034 34.689 8.2 3
46.038 34.68 8.7 3.1
46.032 34.69 8.6 3.1
46.032 34.689 8 2.7
46.035 34.682 8.5 2.3
45.861 34.487 9.8 2.8
45.806 34.476 14.4 2.8
45.806 34.477 14 2.8
45.738 34.702 14.8 3.7
45.727 34.712 14.7 3.7
46.089 34.573 9.4 2.6
46.091 34.572 8.5 2.6
45.618 34.501 17.4 3.6
45.721 34.527 16.7 3.5
45.956 34.488 4.8 3.4
46.011 34.586 4.3 3.2
45.784 34.614 16.5 3.4
45.88 34.618 7.6 2.4
45.454 34.764 22.4 3
45.671 34.655 16.8 2.5
45.693 34.92 11.4 3.3
46.087 34.579 8.6 2.7
45.695 34.552 19.3 2.5
46.083 34.675 8.1 3.2
46.327 34.617 10.1 3
46.135 34.678 10.6 3.3
46.045 34.582 6.1 3.5
46.051 34.583 6 3.3
45.875 34.497 10.9 2.4
45.912 34.489 11 2.3
45.907 34.488 11.4 2.6
45.63 34.625 14.4 2.9
46.164 34.32 7.5 2.6
46.274 34.663 5.8 3.3
45.784 34.711 7.2 3.2
45.779 34.721 7 2.5
46.126 34.593 8 3.2
46.126 34.588 8 3.2
45.82 34.475 13.6 3.1
45.822 34.476 12.9 3.1
45.639 34.598 17.8 2.7
45.778 34.55 13 2.7
46.021 34.621 7.4 2.4
45.883 34.608 7.9 2.9
45.771 34.611 13.7 2.4
45.858 34.946 8.9 3.1
46.035 34.602 6.2 2.7
45.651 34.496 3.1 2.4
46.094 34.577 11 3
45.887 34.48 11.4 1.7
46.225 34.667 8 3.5
45.757 34.585 14.2 4.8
45.841 34.431 3.7 3.3
46.075 34.587 8 2.2
45.741 34.612 15.3 3.7
45.823 34.882 4.4 2.7
46.28 34.669 5.4 2.8
45.997 34.483 11.3 2.7
45.745 34.586 17.5 3.3
45.843 34.943 9.4 2.8
45.734 34.612 14.5 2.6
46.095 34.569 0 3.4
46.077 34.574 7.7 2.5
46.29 34.672 5.8 2.9
45.665 34.88 9 2.9
45.719 34.645 11 3.3
46.105 34.57 8 2.4
45.718 34.679 9.1 2.3
46.085 34.575 8 2.8
45.31 34.68 0 3
45.754 34.896 9 2.5
46.034 34.685 8.3 2.2
45.618 34.649 12.7 2.9
45.79 34.525 13.1 3.8
45.838 34.804 12.7 2.8
45.911 34.587 9.4 2.4
45.591 34.654 18.9 2.5
46.289 34.661 5.6 3.4
45.624 34.531 18.4 2.6
46.294 34.67 5.7 2.7
45.893 34.505 8 1.8
45.835 34.961 7.2 4
45.679 34.851 7.9 4.3
45.752 34.58 15.3 2.7
45.745 34.527 13.9 2.6
45.807 34.576 11.9 2.7
45.771 34.479 15.5 3.4
45.766 34.48 14.9 3.3
45.604 34.769 7.9 3.4
45.553 34.818 7.7 3.2
46.316 34.66 7.9 3.6
46.086 34.574 8 2.5
46.094 34.582 11.1 2.8
45.862 34.884 7.1 3
45.799 34.901 4.2 3.9
45.703 34.445 16 2.4
45.791 34.919 0 2.9
45.666 34.678 17.7 2.3
45.789 34.9 0 2.3
45.61 34.756 12.5 2.7
45.756 34.786 17.2 2.9
46.092 34.57 8 2.4
46.343 34.647 7.8 2
45.828 34.962 0.8 2.9
45.744 34.71 7.8 3
45.589 34.836 8.9 2.7
45.678 34.899 8.7 2.5
46.086 34.571 8.1 2.1
46.012 34.606 6.9 2
45.917 34.991 4 2.8
46.203 34.618 5.3 2.2
46.347 34.615 4.3 3.3
45.811 34.547 19.4 3.2
45.85 34.891 9.6 3.2
46.146 34.526 10.9 2.5
46.123 34.584 7.3 2.4
45.546 34.809 8.7 3.4
45.559 34.804 3.6 3.5
46.078 34.667 7.8 2.4
46.053 34.588 7.9 2.5
45.769 35.268 15 4.2
45.936 34.574 9.9 2.3
46.171 34.452 10.9 2.3
45.664 34.696 9.3 2.1
46.069 34.389 8 1.6
45.933 34.569 9 2.4
45.773 34.618 15.6 2.1
45.779 34.522 16.9 1.5
45.743 34.711 6.7 3.3
45.712 34.492 15.3 2.3
46.159 34.524 8 2.3
45.789 34.587 15.2 2.3
46.019 34.614 6.2 2.8
46.105 34.599 11.9 2.3
46.23 34.613 9.3 2.6
46.381 34.646 8.1 3.1
46.158 34.514 8.8 3.2
46.159 34.521 8.8 2.5
45.914 34.589 8.7 2.7
46.106 34.65 6.9 3
45.935 34.57 7.8 2.6
45.921 34.585 8.6 3.2
45.916 34.581 9.3 3.2
46.354 34.624 10.6 3
45.986 34.646 7.3 2.7
46.163 34.555 8 4.1
46.197 34.628 6.8 3
45.924 34.511 10.6 3
45.936 34.513 14.3 2.5
45.774 34.857 3.6 3.7
45.922 34.592 10 2.1
45.564 34.925 5.6 2.6
45.495 34.636 10.9 2.9
45.673 34.739 8 2.2
46.257 34.629 6.9 2.8
46.264 34.657 10.5 3.2
45.871 34.588 8.4 2.2
45.706 34.621 10.8 2.8
46.162 34.565 8 3.1
45.94 34.623 9.1 3.6
45.504 34.645 0 2.5
45.802 34.499 13.3 3.4
45.703 34.685 8 2.7
45.949 34.624 7.9 2.1
45.709 34.509 14.2 2.7
46.274 34.534 15.2 2.5
45.677 34.636 15 2.6
45.607 34.694 35 2.4
45.729 34.582 16.1 3.1
45.616 34.754 11.3 2.2
45.602 34.656 11.1 2.2
45.569 34.601 18.2 2.3
45.626 34.791 0.3 3.2
45.733 34.5 16.8 2.4
45.744 34.77 6.9 2.6
45.792 34.82 6 3.3
45.733 35.009 4.2 4.5
46.349 34.637 7.9 2.4
45.67 34.883 9.3 2.8
45.678 34.702 6.4 3.4
46.242 34.661 8.3 2.9
46.242 34.657 11 3.3
45.84 35.048 12.1 3.2
46.116 34.607 4.2 2.9
46.081 34.574 10.3 2.2
45.774 34.616 16.3 3.7
46.316 34.675 6.8 3.4
45.686 34.688 7.1 2.3
45.761 34.816 6.4 3.8
45.681 34.838 6.4 2.9
46.268 34.647 8.8 2.6
45.916 34.836 19 3.4
46.321 34.655 2.8 3.1
45.819 35.063 11.9 2.4
46.033 34.699 7.7 0.7
46.649 34.387 18.2 4.7
46.158 34.515 12.9 2.2
46.605 34.386 19.2 5
46.612 34.395 18.5 4.8
46.097 34.603 11.1 2.6
46.076 34.504 13 1
45.906 34.579 9.3 1.6
45.872 34.598 8.7 2.8
46.095 34.623 7.5 2.5
46.143 34.617 8.2 1.3
46.162 34.519 11.1 2.5
45.716 34.563 12.5 2.2
45.908 34.584 8.9 2.8
45.62 34.71 12.6 2.6
46.032 34.6 6.8 2.1
45.721 34.72 5.7 2.9
45.786 34.655 16.1 2.9
45.617 34.636 11.6 2.9
45.804 34.308 8.1 2.9
45.59 34.789 9.9 2.5
45.737 34.37 17.2 2.8
45.701 34.816 5 3.2
45.712 34.807 6.1 2.9
46.087 34.677 9.9 3.1
45.81 34.529 12 2.3
45.758 34.766 9.6 2.7
45.775 34.572 16.5 2.8
45.782 34.537 12.5 1.6
46.312 34.687 6.4 2.8
45.654 34.552 14.4 2.9
45.71 34.554 15.4 2.7
46.339 34.688 8.2 3.3
45.659 34.94 11.5 2.7
46.168 34.594 13.2 2.6
45.787 34.522 16 2.6
46.198 34.545 15 2.7
46.192 34.644 7.4 2.3
45.667 34.894 10.6 2.9
45.757 34.766 9.5 2.5
45.719 34.838 13.1 3.7
45.86 34.776 10.2 2.4
45.77 34.492 16.6 2.3
46.369 34.65 9.1 3.1
46.216 34.511 11.1 2
45.807 34.455 12.4 2.6
45.78 34.499 15 1.9
45.716 34.762 1.9 2.7
46.084 34.573 9.8 2.3
45.695 35.326 13.3 4
46.069 34.596 12.6 2.1
46.188 34.566 10 3.2
45.819 34.516 13.4 2.4
45.625 34.552 17.5 2.4
45.793 34.531 12.9 2.7
46.162 34.515 12 2.6
46.165 34.563 13.2 2.7
45.883 34.607 8.4 2.6
45.536 34.375 15 2.9
45.878 34.481 12.8 2
46.322 34.671 6 2.3
45.887 34.575 10.6 2.4
45.84 34.486 11.7 2
46.38 34.654 9.8 2.4
45.812 34.992 9.4 3.6
46.009 34.623 7.1 2.7
45.692 34.766 6.4 2.7
46.386 34.645 11 2.7
45.611 34.472 17.6 3.1
45.883 34.574 10.2 2.5
45.951 34.647 20 2.9
45.685 34.965 9.3 2.8
45.764 34.46 2.9 1.5
45.89 34.881 9.4 2.4
45.846 34.915 14.6 2.6
45.603 34.763 12.4 2.3
45.948 34.642 20 2.4
45.779 34.422 15 3
45.774 35.095 18.4 5.2
45.61 34.554 18.7 4.9
45.613 34.569 21.6 4.3
45.563 34.547 16 2.6
46.333 34.671 8.8 3.6
45.873 34.475 14 2.2
45.6 34.55 19.1 2.5
45.763 34.718 7 3.3
45.444 34.545 19.7 3.1
45.761 34.658 12.4 3.2
46.244 34.64 9.1 3.2
45.92 34.573 16.5 2.7
46.222 34.664 12.2 4.1
46.216 34.664 12.8 3.2
45.798 34.515 15 2.4
45.874 35.12 13.6 5
45.618 34.549 21.6 2.5
45.704 35.341 12.2 3.6
45.625 34.548 18.9 3
45.615 34.547 19.1 2.8
45.786 34.704 18.3 2.8
45.956 34.649 20 2.6
46.007 34.62 12.5 3.2
46.336 34.678 9.5 4.1
45.803 34.55 19.9 3.2
45.577 34.693 13.8 3.4
46.187 34.625 13.5 3.9
45.637 34.549 21.7 2.4
45.638 34.558 22.3 3.3
46.134 33.956 17.8 2.7
45.653 34.415 17.3 2.3
46.236 34.71 6.9 2.4
45.652 34.935 4.1 2.8
46.152 34.582 5.1 3.1
45.597 34.553 19.6 2.2
45.514 34.616 20.7 2.3
45.563 34.572 15.9 2.3
46.259 34.649 11.9 3.2
46.079 34.668 10.3 1.7
46.245 34.667 9.8 3
46.206 34.545 15 2.9
45.855 34.418 16.2 2.7
45.614 34.426 20 3.3
46.245 34.68 13.5 3.1
46.325 34.669 7.9 3.3
45.832 34.93 12.9 3.2
46.303 34.691 12.2 2.9
46.008 34.667 9.8 2.3
45.882 34.46 14.3 2.1
46.082 34.677 10.7 2.1
45.699 34.838 3 2.1
45.729 34.584 15 2.1
46.078 34.67 10.9 2.3
45.985 34.649 6.9 2.5
45.766 34.931 4.4 3.5
46.08 34.681 9.4 2.7
45.774 35.072 19.3 5.6
45.796 35.107 17.9 5.3
45.648 34.86 13.3 2.2
45.873 34.605 8.9 2.6
45.469 34.596 29.7 3.5
45.757 34.862 13 2.3
46.33 34.664 0.3 2.1
45.624 34.56 18.9 2.6
45.776 34.488 14.2 2.5
45.554 34.895 19.6 3.1
46.221 34.68 9 2.3
46.158 34.726 5.9 2.9
45.7 34.403 13.2 2
46.009 34.613 7.1 2.8
45.899 34.482 7 1.8
46.146 34.578 1.4 1.7
46.248 34.658 10.6 2.8
46.363 34.784 10.9 2.9
45.612 34.811 11.6 2.4
45.881 34.604 8 2.6
45.875 34.606 7.7 2.7
45.849 34.984 10.5 2.8
46.1 34.601 6 1.8
45.545 34.607 18.2 2.3
45.939 34.528 10.5 2.1
45.787 34.902 10.4 3.4
45.584 34.548 20.5 2.9
46.233 34.636 12.7 4.1
45.779 34.441 12.8 2.5
46.087 34.555 12.1 2.6
45.847 34.493 12.6 1.7
46.289 34.694 8.8 2.5
46.016 34.621 9.7 2.3
46.289 34.648 11.1 3.4
45.77 34.638 17.2 3.1
45.638 34.616 13.1 2.2
46.066 34.541 8.2 2.9
46.476 34.384 19.3 2.9
45.631 35.041 11.2 4.1
46.292 34.647 11.7 3.8
46.127 34.682 13.1 2.4
46.227 34.666 9.8 2.5
45.767 34.517 15 3.3
46.412 34.615 12.9 3.2
46.406 34.61 12.1 3.2
45.868 34.513 13.5 2.4
46.388 34.631 10 3.5
45.421 34.598 22.7 3.1
45.694 34.8 11.4 3.8
45.828 34.904 11.9 2.8
45.825 34.894 11.2 2.7
45.242 34.69 21 3.5
46.431 34.643 7.8 3.2
46.153 34.615 17.2 2.3
46.12 34.591 8.5 2.3
45.622 34.558 20.1 2.2
46.228 34.587 15 2.4
45.738 34.817 15.3 2.5
45.702 34.643 8.7 1.8
45.622 34.549 19.9 2.9
45.998 34.613 7.5 2.7
46.373 34.608 7 2.8
45.998 34.608 6.8 2.2
45.816 34.789 4.8 3.6
45.881 34.587 9.3 3.2
45.879 34.589 9.3 2.6
45.879 34.593 9.3 2.5
46.202 34.898 10.1 2.4
46.087 34.598 5.3 2.5
45.876 34.598 8.9 3
45.881 34.599 8.5 1.8
45.835 34.508 15 2.5
45.305 34.605 18.1 2.7
45.739 34.959 10.2 3
45.774 34.895 11.7 2.2
45.954 34.643 19.8 3.1
45.784 34.896 9 2.8
45.784 34.9 10.3 2.4
45.793 34.747 10 2.3
46.226 34.548 17.3 2.1
45.873 35.097 15 4.2
45.775 34.897 10.7 2.4
45.734 34.544 16.6 2.4
46.289 34.592 7.9 3.1
45.707 34.524 16.7 1.7
46.12 34.674 10.6 2.1
45.854 34.887 10.1 2.4
45.86 34.614 8.5 2.3
45.74 34.379 14 3.2
45.864 34.517 12.5 2.4
46.026 34.559 7.9 1.8
46.223 34.642 7.4 2.1
46.329 34.638 8.6 2.5
45.687 34.824 9.7 2.4
45.822 34.447 3.4 2.1
45.591 34.588 6.3 2.4
45.982 34.587 8.4 1.6
45.833 34.514 15.4 1.8
45.606 34.706 17 2.1
45.6 34.272 15 3
45.897 34.596 8.4 3
45.742 34.506 17.4 1.9
45.796 34.91 11.6 2.9
45.8 34.919 12 2.8
46.071 34.681 10.9 2.9
46.076 34.701 15 2.3
46.07 34.681 11.1 2.9
46.082 34.675 11.1 2.5
46.193 34.614 11 2.3
45.73 34.664 9.2 2.5
46.038 34.554 7.3 2.4
46.056 34.534 4 9
45.825 34.459 14 2.5
45.792 34.491 16.6 1.5
45.814 34.469 13.8 1.9
45.76 34.418 17.2 2.2
45.698 34.631 18.8 2.1
46.304 34.667 11.4 2.2
45.604 34.678 13.9 2.9
45.624 34.668 13.3 2.9
46.115 34.68 9.7 3.1
45.806 35.129 12.2 2.6
45.66 34.57 28.4 1.6
45.602 34.609 18.7 2.2
45.87 34.48 12 1.8
45.713 34.807 10.6 1.9
46.066 34.607 12.7 4.6
45.848 34.926 15 3.2
46.061 34.605 12.8 2.5
45.788 34.483 15 2.7
45.783 34.395 13.7 2.6
45.698 34.505 13.5 2.5
45.47 34.66 17.3 2.3
46.055 34.606 12.3 2.4
46.194 34.646 5.6 3.2
45.737 34.863 8.8 2.5
46.062 34.606 12.4 3.2
45.635 34.543 20.9 3.4
46.426 35.369 10.9 3.4
45.259 34.644 4.4 2.9
45.257 34.64 21.9 3.9
45.756 35.096 17.1 3.1
45.824 34.794 15.2 1.8
46.299 34.608 16.6 2.7
46.072 34.62 8.1 2.8
45.785 34.449 13 2
45.779 34.818 7.6 3.4
45.785 34.813 6.2 4.7
45.786 34.813 7.8 3.8
46.094 34.559 10.6 2.2
45.749 34.472 18.1 2.6
45.659 34.643 15 2.9
45.9 34.45 18.9 1.5
45.735 34.561 13.9 1.9
45.773 34.751 10.6 2.2
45.794 34.757 11.1 4.1
45.77 34.897 9.2 3
45.863 35.107 10.8 2.9
45.482 34.786 15.7 1.9
45.609 34.624 20 2.3
45.706 34.603 13.8 1.5
45.876 34.498 13.5 2.7
45.674 34.849 12.4 2.6
45.504 34.743 15.7 2.3
45.77 34.54 15.3 2.7
45.774 34.792 13.4 2
45.708 34.783 13.2 2.7
46.026 34.586 3.5 2.2
46.195 34.894 10 4.1
46.185 34.884 10.3 3.3
45.653 34.6 18.7 2.7
45.875 34.501 14.3 3.6
45.628 34.544 21.7 2.6
45.986 34.658 7.8 2.1
45.609 34.554 15 2.3
45.737 34.462 16.7 4.5
45.776 34.462 15.6 3
46.253 34.665 12.2 4.7
46.253 34.658 8.3 2.9
46.259 34.668 7.2 2.9
46.251 34.671 9.9 3.7
46.249 34.659 7.3 2.2
45.749 34.463 15.8 1.7
45.757 34.461 16.6 1.9
45.719 34.457 15.9 2.3
45.872 34.602 6.6 2.3
46.264 34.655 8 2.1
45.866 34.505 13.7 2.6
46.244 34.661 7 2.9
45.75 34.576 16.5 4.8
46.254 34.653 7.4 2.4
45.76 34.478 14.2 2
45.977 34.617 7.3 2.6
45.587 34.672 10.8 3.2
46.106 34.556 10.4 2.6
46.32 34.647 8.5 3.4
46.018 34.62 8.2 2.2
46.016 34.617 8.6 2.4
46.243 34.648 6.9 3.1
45.863 34.506 5 2.5
45.795 34.791 11.8 2.1
45.594 34.573 12.7 2.3
45.706 34.955 15 2.8
45.772 34.522 15 2.1
45.657 34.59 17.9 2.3
45.637 34.628 6.7 2.6
46.465 34.96 5.3 2.8
46.062 34.599 11.7 1.8
45.723 34.611 10.7 1.6
45.95 34.591 12.4 2.1
45.726 35.003 9.7 2.9
46.259 34.661 7.6 4.4
46.243 34.657 9.8 2.5
46.248 34.66 6.6 3
45.892 34.588 8.3 2
45.871 34.596 9.3 3.1
45.902 34.617 7.9 2.5
45.862 34.381 12.4 3.1
45.918 34.699 20.7 2.7
45.743 34.47 16.6 3.2
45.876 34.48 15.4 1.9
46.332 34.656 4.9 2.5
45.887 34.482 13.1 2.8
46.414 34.612 10.1 2.4
46.038 34.554 10.9 2.5
45.859 34.529 12.5 2.1
46.237 34.65 6.3 2.2
46.057 34.604 11.7 2
46.24 34.651 8.1 2.3
46.294 34.482 16.7 3.4
46.01 33.898 15 2.1
45.818 34.501 12.9 2.6
46.093 34.561 10.1 1.7
46.101 34.56 10.6 2.3
46.304 34.476 15.9 3.2
46.105 34.558 10 2.6
46.074 34.558 2.4 1.7
46.099 34.559 9.6 2.7
46.318 34.653 7.3 4.3
46.115 34.553 11.5 1.9
45.752 34.617 25.8 2.1
46.089 34.563 9.6 2
46.096 34.561 10.6 2.6
45.514 34.752 15 2.4
45.947 34.516 11 2.2
46.251 34.6 10.1 2.8
46.194 34.765 13 3.2
45.844 34.931 17.2 4.3
46.147 34.577 5.3 2.9
45.87 34.917 17.6 2.7
46.246 34.957 6.5 3.1
46.109 34.557 12.6 2.2
45.949 34.639 10.9 2.1
46.064 34.565 8.7 2.1
46.073 34.551 7.5 1.6
46.241 34.65 10.7 2.7
46.016 34.622 6.1 1.7
46.065 34.609 13.1 3.3
45.564 34.762 14.3 2.6
45.773 34.595 15.5 2.1
46.464 34.948 8.4 2.9
46.389 34.613 12.1 3.2
45.78 34.821 4.3 2.2
45.56 34.533 17.8 3.1
45.835 34.786 15.3 2.4
45.805 34.496 9.8 2.2
46.345 34.658 5.8 2.1
45.712 34.506 14.3 2.1
45.601 34.749 7.3 3
45.699 34.628 8 2
45.645 34.637 21.1 2.4
45.776 34.439 11.5 2.7
46.068 34.551 10.6 2
45.515 34.765 11.3 3.4
45.828 34.918 17.9 2
45.819 34.452 11.5 2
45.991 34.663 9.7 2.2
45.983 34.626 7.9 2.1
45.901 34.488 19.9 1.8
46.254 34.651 8.3 3.2
46.13 34.879 2.2 4.7
46.331 34.641 6.4 3.8
45.799 34.922 13.1 2.4
45.734 34.468 16 2.3
46.234 34.772 11.6 2.5
45.773 34.429 17.9 2.5
46.169 34.753 5.6 1.7
46.176 34.511 11.9 2.2
45.76 34.967 11.4 2.5
46.165 34.497 8.3 2.3
46.172 34.506 12.5 2.3
45.792 34.92 11.3 3.3
45.553 34.581 20.1 2.3
46.187 34.5 11.9 2.6
45.753 34.535 11.4 2.1
45.769 34.594 15.7 2.1
46.35 34.672 4.6 2.5
45.834 34.944 14 3.2
46.073 34.685 11.2 1.9
45.853 34.934 13.7 2.6
46.353 34.682 7.7 3
45.658 34.682 12.9 2.1
45.787 34.808 12.6 4.3
45.614 34.647 14.6 2.7
46.107 34.578 6.7 2.4
45.763 34.467 16.3 2.8
46.102 34.585 7.1 2.4
45.66 34.566 15 2.3
46.449 33.109 0 3.2
45.773 34.378 13.5 2.6
45.863 34.492 15.1 2.7
45.721 34.663 10.3 1.9
46.251 34.659 7.4 2.8
46.274 34.657 5.8 2.7
45.752 34.584 6.9 2.1
45.533 34.809 16.9 3.3
45.552 34.802 19.9 3.8
45.389 34.718 18.9 3.4
45.613 34.536 18.8 3.7
45.611 34.536 18.9 2
45.661 34.357 16 2.3
45.606 34.539 19 2.1
45.682 34.816 13.6 2.9
46.066 34.649 14 1.8
45.812 34.974 9.5 2.5
45.647 34.677 12 1.8
45.552 34.658 17.7 2.2
45.681 34.709 13.2 2.1
45.719 34.712 6.6 2.5
46.282 34.591 10.4 2.7
46.263 34.671 8.7 3.8
46.269 34.667 8.6 2.8
45.893 35.088 15.1 2.7
45.652 34.718 16.6 2.8
45.673 34.731 9.8 1.9
45.688 34.823 17.3 2.2
46.259 34.645 7.9 3.1
45.923 34.49 6.9 1.7
45.73 34.845 13.7 3.3
45.661 34.851 15 2.8
45.748 34.529 11.5 1.6
46.619 34.427 15 2.7
45.769 34.585 8 2.1
45.667 34.382 6.9 2.1
45.795 34.549 19.1 3
46.041 34.551 9.2 2.4
45.589 34.528 16.9 2.7
45.871 34.563 19.9 1.2
45.813 34.971 10.9 2.8
45.773 34.551 12.9 2.5
45.834 34.447 10.3 2.3
45.532 34.34 16 2.1
45.711 34.842 12.8 3.1
45.919 34.493 4.1 2.1
45.727 34.749 13.7 2.8
45.775 35.101 17.6 4
46.196 34.633 9.7 3
46.201 34.632 9.8 3
45.743 34.739 12.4 2
46.195 34.637 10.3 2.3
45.623 34.816 19.6 4.4
46.106 34.568 8.8 2.2
45.853 34.461 12.5 4.7
45.834 34.47 10 1.8
46.277 34.772 3.4 2.2
45.579 34.808 20 3.3
45.714 34.715 15 2.2
45.72 34.709 8.8 2.7
45.743 34.656 4.5 4.2
45.829 34.929 9.4 2
46.245 34.65 8.3 2.5
46.117 34.622 9.5 1.8
45.734 34.839 12.9 2.2
46.342 34.676 8.8 2.4
46.356 34.674 9.3 3.3
46.345 34.671 6.6 2.9
46.204 34.684 8.3 3.3
45.9 34.6 7.8 1.9
45.601 34.501 12.3 2.9
45.894 34.611 7 2
45.611 34.655 17.3 2.4
45.999 34.607 7.7 3.1
46.006 34.605 6.8 2.2
45.714 34.705 5.2 2.1
45.707 34.901 9.9 1.9
45.787 34.765 15 3.1
45.787 34.538 12.6 2.3
46.344 34.672 7.7 3.1
46.346 34.648 6.8 3.3
45.674 34.714 14.9 2.7
45.825 34.455 15.1 2.5
45.686 34.721 19.4 2.9
45.856 34.928 15.3 2.3
45.729 34.619 13.4 2.3
45.725 34.621 13.3 2.4
46.377 34.647 0.8 2.5
45.972 34.618 6.1 1.9
46.283 34.579 10.6 2.2
45.999 34.602 6.4 1.7
45.972 34.491 12.5 3.5
45.874 34.567 8.3 2.3
45.65 34.51 18.9 2.2
45.721 34.601 6.3 1.9
45.717 34.632 9.3 1.4
46.214 34.613 9.2 2.8
45.594 34.531 17 4.3
46.302 34.602 13.2 3
45.589 34.538 17.4 2.2
45.707 34.907 18.8 2.7
45.594 34.815 20.1 3.2
45.837 34.933 13.5 2.4
45.764 35 10 2.3
45.767 34.822 9.1 2.8
45.739 34.47 17 5.1
45.731 34.431 16.1 3.8
45.9 34.603 7.9 2.8
45.734 34.47 15.2 2.5
45.765 34.455 12.1 3
45.744 34.453 15.7 3.2
45.742 34.473 17 2.3
45.727 34.462 17.7 3
46.155 34.335 10.4 3.4
45.918 34.405 13.6 2.3
45.878 34.607 7.3 1.8
45.724 34.468 16.3 2.8
45.729 34.383 15.6 2.7
45.748 34.431 13.5 1.8
45.733 34.437 16.1 2
45.734 34.396 12.4 2.3
45.73 34.439 12.3 2
45.769 34.396 13.3 4.4
45.696 34.4 13.9 2.5
45.545 34.527 20.3 2.3
45.756 34.429 10 3.5
45.57 34.689 12.3 2.8
45.774 34.404 13.6 2.3
45.75 34.431 14.1 2.6
45.756 34.391 16.8 3
45.529 34.54 20 2.6
45.635 34.87 13.8 3.3
45.723 34.427 12 2.3
45.84351 34.87804 19.659 4.40
45.86604 34.86795 17.760 7.30
45.65503 34.75936 14.529 4.50
45.86752 34.65798 12.643 4.10
45.82366 34.56048 8.620 3.50
45.89849 34.51858 2.001 3.70
45.89330 34.57624 12.531 3.70
45.99185 34.32078 2.001 3.50
45.99648 35.02964 9.727 3.30
45.89041 34.97613 6.218 3.70
46.26727 34.54080 2.002 3.50
45.85386 34.53369 2.000 3.40
45.71737 34.70784 14.003 4.10
45.75734 34.58934 4.393 3.60
46.31540 34.70933 10.508 3.10
45.34492 34.63402 29.997 3.40
45.85387 34.61274 11.991 3.60
45.87282 34.48730 15.999 4.00
45.47063 34.51701 20.080 3.90
46.13263 34.02151 19.242 3.30
45.90718 35.07736 7.522 3.40
45.83526 34.59194 10.407 4.10
45.81655 34.59370 7.008 4.50
45.66913 34.69352 2.002 3.10
45.82050 34.60743 3.253 3.20
45.92190 34.95694 2.001 3.40
45.82304 35.05517 8.780 4.00
45.80242 34.95020 3.401 4.10
45.84969 34.82110 12.189 3.40
45.89804 34.89587 8.001 3.20
45.65745 34.62077 7.432 4.50
45.87008 34.53151 7.157 3.20
45.77064 34.88156 9.559 3.30
45.79360 34.70393 6.002 3.30
46.10186 34.61456 7.323 4.10
45.62973 34.61455 2.005 3.70
45.74936 34.59365 15.585 4.60
45.77230 35.02573 6.913 3.50
45.65528 34.84181 15.999 3.40
45.91154 34.98427 7.270 3.20
45.69337 34.53991 17.032 3.20
45.75251 34.37220 14.617 3.40
45.98451 35.09504 6.118 3.10
45.63478 34.60018 11.834 3.40
45.77437 34.41534 11.456 3.30
45.83310 34.96059 9.289 4.00
45.86718 34.68539 8.133 3.30
45.80337 34.45385 16.003 4.80
45.80639 34.41606 7.123 4.30
45.91761 35.01535 15.596 3.80
45.79906 34.60481 10.753 3.60
45.78999 34.51449 2.938 4.20
45.80107 34.59765 7.029 3.50
45.70243 34.51707 5.999 3.70
45.82923 35.02062 6.002 3.20
45.82011 34.95921 2.001 3.40
45.34775 35.33489 19.639 3.30
45.20315 35.32528 4.844 3.10
45.80283 34.84825 2.002 3.30
45.59722 34.54895 12.311 4.40
45.79987 34.75690 5.549 3.70
45.73360 34.44648 16.001 4.70
45.77327 34.81039 9.303 3.20
46.22372 34.08240 2.001 4.30
45.85712 34.42355 2.002 3.70
45.79369 34.64834 10.000 3.20
46.17060 34.67514 10.332 3.10
45.74798 34.46464 7.997 4.50
45.84882 34.88227 2.895 3.10
45.34111 35.32177 7.998 3.60
46.15627 34.62724 11.633 3.10
45.82070 34.82209 6.857 3.80
45.64489 34.39490 8.000 4.40
45.56401 34.38955 10.374 3.80
45.78472 34.51674 17.360 3.80
45.81044 34.43714 6.756 3.10
45.77938 34.59021 7.791 3.30
45.66336 34.75122 29.856 3.80
45.63238 34.78883 14.500 3.10
45.64965 34.75783 10.000 3.40
45.63260 34.76422 9.997 3.10
46.31453 34.62641 4.397 3.20
45.77146 34.58998 7.999 3.80
45.63596 34.65139 7.958 4.10
45.82233 34.43111 7.400 3.10
46.12975 34.64436 5.688 3.20
45.76555 34.55261 2.576 4.00
45.92546 34.47464 10.853 4.10
45.77245 34.47120 2.002 4.10
45.71957 34.63020 2.001 3.20
45.89314 34.96827 8.428 3.10
45.81192 34.44243 7.146 3.40
45.76664 34.59954 4.346 3.40
45.75068 34.58252 7.325 4.00
45.74717 34.52782 6.959 3.40
45.80250 34.40873 2.001 3.80
46.25211 34.70343 6.000 3.60
46.20238 34.74154 9.479 3.10
45.72976 34.59975 5.857 3.10
45.83149 34.45543 8.129 3.10
45.70795 34.58141 7.167 4.20
45.62522 34.65707 2.003 3.80
45.59218 34.66757 4.822 3.30
45.57512 34.68133 4.234 3.30
45.75138 34.55740 5.939 3.20
46.17725 34.10382 8.147 3.10
46.23161 34.08308 2.001 3.50
45.80214 34.65446 12.001 3.10
45.78965 34.51943 2.001 3.60
45.82758 34.78584 7.581 3.10
45.88760 34.52025 2.001 3.20
45.85866 34.54224 8.659 4.00
46.06860 34.65318 12.117 3.90
45.80772 34.56492 7.289 3.50
45.61279 34.57309 5.998 4.20
46.08992 34.64806 13.045 3.10
45.92420 34.51290 2.004 3.40
45.80640 34.43577 8.940 3.50
46.09589 34.60140 10.181 3.60
45.79189 34.43743 5.837 3.40
45.87532 34.48809 2.001 3.20
45.73205 34.56987 5.115 3.20
45.64874 34.39055 16.000 3.20
45.59568 34.40962 5.998 3.80
45.67909 34.39905 16.001 3.30
46.40059 34.62779 8.923 3.30
45.53548 34.58664 3.997 3.80
46.35250 34.59847 6.515 3.40
45.95083 34.63335 29.996 3.50
46.42272 34.62740 7.300 3.20
46.13151 34.59716 7.156 3.50
45.79988 34.58789 6.517 3.20
45.73723 34.74939 8.002 3.20
45.77303 34.50561 7.106 3.80
45.77820 34.52153 2.865 3.20
46.27443 34.60778 7.377 3.30
46.26520 34.44918 5.115 3.20
46.27549 34.63002 7.429 3.20
45.83040 34.77303 6.001 3.10
45.83567 35.11106 28.433 3.20
45.67471 34.32092 24.089 3.60
45.78362 34.50222 7.699 3.90
45.59106 34.59869 7.849 4.20
46.30581 34.60944 7.413 3.10
46.08691 34.62064 9.224 3.20
46.25829 34.57250 5.094 3.10
46.27747 34.61835 6.000 3.40
45.77346 34.45803 9.581 3.10
46.19150 34.59879 8.821 3.20
45.63329 34.49653 6.003 4.50
46.28366 34.63126 5.817 3.40
45.63419 34.77476 15.899 3.30
45.66401 34.39856 6.000 3.30
45.91553 34.41419 7.251 4.10
45.91552 34.43467 8.001 3.10
45.90696 34.42825 12.940 3.90
46.33097 35.19337 2.001 4.20
45.91884 34.55501 2.002 3.50
45.75466 34.45412 2.005 3.50
46.19976 34.54968 2.001 3.20
45.81511 34.76884 3.259 3.30
46.20121 34.59119 5.629 3.30
45.63695 34.72684 6.541 3.50
45.83176 34.58906 4.000 3.20
45.84942 34.99778 2.002 3.10
45.83023 34.84630 29.998 4.30
45.72658 34.64935 7.250 4.50
45.67931 34.55196 2.353 3.10
45.91004 35.07241 5.998 3.10
45.77388 34.77345 2.488 3.40
45.66419 34.52504 4.267 4.00
45.75272 34.76477 4.708 3.50
45.81593 34.41161 5.596 3.50
45.19108 34.20999 2.003 3.70
45.78236 34.91958 2.002 3.20
45.75628 34.90181 10.165 4.20
45.78779 34.57455 9.059 3.70
45.69647 34.74402 3.402 3.20
45.67341 34.74439 8.794 4.20
45.64976 34.73297 17.670 4.20
45.91322 34.47609 6.341 3.20
45.84568 34.44285 4.001 3.40
45.92081 34.48109 2.343 3.30
45.79004 34.55605 6.695 3.40
46.41242 34.57531 2.003 3.20
46.29083 34.63279 4.638 3.20
45.68460 34.71096 3.295 3.40
45.82606 34.57234 10.617 4.40
45.78835 34.58841 6.579 3.10
45.78643 34.59436 4.962 3.10
45.83210 34.49580 5.999 3.30
45.87015 34.90575 3.432 3.20
45.72816 34.77293 5.362 3.90
45.79655 34.45577 6.288 3.20
46.31349 34.62737 3.128 3.20
45.91470 34.84451 7.724 3.10
45.85052 34.82736 5.289 3.30
45.66850 34.73261 2.001 3.20
45.80622 35.19025 8.001 3.90
46.19089 34.53177 2.002 3.60
45.99112 34.58260 2.002 3.20
45.82201 34.49381 9.411 3.20
45.76435 34.99306 6.000 3.90
45.82815 34.59663 6.802 3.10
45.84325 34.77251 3.999 3.20
45.77679 35.10575 8.126 3.10
46.16265 34.08473 3.385 3.40
45.72301 35.26485 15.999 3.80
45.81793 35.12452 8.000 4.80
45.69782 34.50247 7.214 4.70
45.70813 34.56528 2.001 4.10
45.68753 34.71210 2.003 3.40
46.22456 34.64683 11.746 3.90
45.26032 34.12717 2.977 3.20
45.91233 35.06058 3.258 4.30
45.83321 34.88874 2.004 3.10
45.71808 34.39165 2.001 4.20
45.71114 35.25878 16.085 3.30
46.29276 34.64877 6.130 3.30
45.70826 34.63660 2.201 3.10
46.18074 34.59114 3.556 3.20
45.72446 34.53246 3.232 3.10
45.90228 34.43353 2.002 3.20
45.87119 34.84071 2.495 3.30
45.77762 35.06959 13.093 5.40
45.80047 35.09358 10.413 4.90
45.58629 34.59016 4.001 3.30
46.22144 34.59605 4.703 3.60
45.69578 34.96359 3.480 3.80
46.38513 34.61592 4.784 3.10
45.75599 34.72475 2.001 3.40
45.40652 34.64332 5.066 3.30
45.37613 34.64416 3.578 4.00
45.70454 34.51561 2.508 3.10
45.92576 35.06421 2.001 3.40
46.08131 34.58895 10.808 4.00
45.68499 35.19867 5.997 3.60
45.68915 34.53748 6.002 3.10
45.44650 34.62424 9.251 3.80
45.85880 34.75696 13.829 4.20
45.85901 34.74761 4.364 3.30
45.85842 34.72235 2.001 3.40
46.19250 34.85613 11.025 3.40
45.81256 34.46910 10.000 4.50
46.24923 34.64854 5.880 4.60
45.80144 34.56074 9.999 4.40
45.71968 34.63258 4.002 3.50
46.24995 34.64523 7.068 3.70
45.51321 34.51643 7.802 3.40
46.31220 34.63245 4.291 3.20
45.88892 34.85760 8.143 3.80
46.14752 34.83619 13.455 4.40
46.28401 34.61947 2.456 3.60
45.84886 34.75804 2.002 3.60
45.68085 34.72507 2.001 3.10
45.66150 34.73088 2.002 3.60
45.54568 34.69712 2.002 4.10
45.71669 34.52925 3.001 3.10
45.82546 35.08667 9.484 3.20
45.65174 34.75124 7.031 3.10
45.82220 34.62222 2.001 3.70
45.69624 34.52739 4.057 4.00
45.76448 34.44848 10.002 5.00
45.77452 34.43037 5.684 8.40
45.78954 34.41609 7.949 3.90
45.76686 34.40236 6.350 3.30
45.78632 34.41121 8.356 3.10
45.74924 34.79949 2.001 3.10
46.03766 34.60844 2.002 3.30
45.95807 35.01687 2.001 3.20
45.80806 34.35437 2.382 4.00
45.66311 34.65541 2.002 3.60
45.69304 34.54750 2.002 4.00
45.78011 34.41788 8.001 3.20
45.50144 34.52655 18.170 4.10
45.58202 34.49878 15.722 4.10
45.60574 34.53458 6.743 3.30
45.61642 34.52271 13.532 3.20
45.85143 34.51506 4.002 3.50
45.87793 34.52253 3.850 3.30
45.21706 34.82165 11.213 3.10
46.20444 34.58977 5.998 3.90
45.56476 34.54490 8.460 3.40
45.60244 34.83695 4.895 3.30
45.67470 34.69147 7.149 3.50
45.52194 34.66015 6.000 3.80
45.56954 34.65265 2.285 3.10
45.74244 34.78902 6.010 4.00
46.22168 34.61296 4.806 3.10
45.79347 34.41214 7.504 3.10
45.84732 34.79078 29.99 3.60
46.24558 34.55072 7.710 3.50
45.41539 34.47772 7.398 3.10
45.35502 34.39103 9.972 4.30
44.99097 34.01307 19.0 4.10
44.98721 34.06495 10.0 3.80
45.50194 34.34594 5.109 3.50
46.35133 34.60770 6.374 3.80
45.97187 34.24061 8.792 3.30
45.78759 34.67132 2.000 3.10
45.65991 34.38980 6.231 8.60
46.39574 34.85556 2.002 3.30
45.47930 34.63349 4.597 3.70
45.49523 34.59129 8.798 6.20
45.49731 34.62907 5.999 3.30
45.76442 34.43027 6.349 7.20
45.43987 34.60126 9.596 3.60
45.48469 34.64639 2.003 3.20
46.24601 34.09309 15.20 3.10
46.30305 34.07293 4.000 3.30
45.75657 34.36037 2.000 3.70
45.73550 34.41543 2.001 3.40
45.23717 34.69112 10.20 4.20
45.64391 34.62825 4.407 3.50
45.50443 34.62968 8.087 3.40
45.50768 34.50793 15.19 4.0
45.46738 34.50885 4.082 3.70
45.56573 34.53728 8.606 3.70
45.43268 34.54481 6.000 3.30
45.45094 34.53893 5.877 3.50
45.77809 34.42924 9.404 5.30
45.78841 34.41900 9.330 3.30
45.78114 34.41109 7.425 3.30
45.79105 34.41376 9.998 4.00
45.78621 34.38752 7.491 3.50
45.78304 34.39204 10.00 3.10
45.79607 34.40060 7.294 3.90
46.35233 34.62883 6.002 3.30
45.52073 34.36958 8.481 3.20
45.83363 34.84926 6.503 3.90
45.83969 34.83592 4.665 4.00
45.82930 34.86423 6.879 3.40
45.77026 34.53434 4.292 3.80
45.82880 34.85386 6.320 3.70
45.72731 34.83789 2.001 3.60
45.83881 34.85487 7.617 3.20
45.70037 34.35348 2.002 3.30
46.29311 34.60492 2.253 3.20
45.84568 34.83573 8.003 4.40
45.86528 34.84278 4.000 6.70
45.80825 34.67158 7.315 3.20
45.96936 34.41745 7.016 3.90
45.64929 34.38937 5.493 3.30
45.97129 34.43353 2.001 4.00
46.40331 35.47337 2.003 3.20
46.26020 34.61077 7.290 4.80
45.69687 34.53946 5.043 4.10
45.67644 34.53825 4.264 3.50
46.27129 34.62143 7.999 3.50
45.79807 34.48732 3.199 3.30
46.17177 34.59714 5.998 3.70
46.26476 34.59018 7.759 3.30
45.64265 34.41306 6.444 3.60
45.63573 34.42032 6.161 3.40
45.63498 34.42654 5.365 3.20
45.64625 34.42992 8.214 3.60
45.25663 34.79496 8.940 3.60
46.26432 34.60684 5.638 3.30
45.91095 34.49759 2.002 3.20
46.26205 34.60345 8.000 3.30
45.91359 34.57108 2.002 3.10
45.79962 34.56610 3.410 3.30
46.25718 34.61419 8.003 4.60
45.84491 34.92221 11.405 3.60
46.27797 34.62910 7.790 4.20
46.25863 34.61739 6.447 3.50
46.26829 34.59630 4.737 3.30
46.19507 34.65107 2.002 3.10
46.25954 34.62408 5.119 3.10
46.25241 34.63972 5.999 3.30
46.24632 34.63013 4.339 3.10
46.26254 34.62290 15.00 5.70
46.25839 34.63316 5.998 3.20
46.32790 34.59483 2.001 3.10
46.24932 34.60154 7.908 3.90
46.29907 34.61630 5.103 3.40
46.26652 34.60501 5.423 3.30
46.32499 34.62472 6.254 3.30
46.30694 34.62799 6.834 3.10
46.22497 34.60403 3.999 3.30
46.24054 34.57840 7.931 3.30
46.28836 34.61913 6.187 3.10
46.23854 34.58612 8.131 3.40
46.30978 34.62446 7.777 3.70
46.26704 34.59535 8.000 4.00
46.27398 34.63027 7.615 3.10
46.23825 34.59850 6.182 3.70
46.27141 34.64639 6.732 3.30
46.25105 34.59137 9.354 3.10
46.26481 34.61822 4.880 4.40
46.26135 34.62925 5.997 3.30
46.29448 34.61537 4.454 3.20
46.26746 34.62785 4.375 3.10
46.21090 34.61021 6.570 3.40
45.59645 34.37592 5.226 3.30
46.30346 34.63415 7.821 3.50
46.26880 34.60473 6.275 3.30
46.31430 34.63751 8.588 4.50
46.31302 34.64213 8.481 3.60
46.32394 34.63114 5.900 3.50
45.80046 34.77135 7.599 4.40
46.31219 34.63243 9.999 4.20
46.30900 34.62754 6.449 3.20
45.62524 34.31182 8.714 4.00
46.29365 34.57887 5.471 3.60
46.29544 34.57624 5.999 3.20
46.19462 34.60469 3.853 3.30
46.30564 34.61296 4.622 3.30
46.19899 34.60464 4.416 3.30
46.25343 34.59929 6.023 3.50
46.25895 34.59485 5.578 3.30
45.64968 34.47955 4.407 3.40
46.23700 34.66489 5.676 3.10
46.33025 34.62614 10.741 4.10
45.66262 34.62229 2.001 3.40
45.77491 34.40541 7.906 3.10
46.25278 34.60661 4.912 3.50
45.79502 34.58975 2.002 3.80
46.29839 34.60409 4.449 3.70
46.24276 34.60733 6.001 3.40
46.31211 34.63934 4.766 3.20
46.09840 34.34895 4.505 3.30
46.24748 34.61869 8.000 3.20
46.26826 34.62601 7.954 3.70
46.43443 35.27433 6.002 3.30
46.21513 34.62335 7.551 5.90
46.17604 34.60180 7.254 3.70
46.16372 34.60726 7.901 3.90
46.18467 34.60698 2.904 3.10
46.23163 34.62172 6.616 4.00
46.19136 34.60341 3.810 3.20
46.24717 34.61869 6.002 3.70
46.16406 34.59449 5.996 3.10
46.20169 34.58152 8.643 3.50
46.13724 34.61963 4.613 3.30
46.21884 34.60294 2.001 3.20
46.22782 34.61972 4.262 3.90
46.23872 34.61330 6.530 3.10
46.17615 34.59232 2.001 3.20
46.25999 34.61992 7.015 3.20
46.26701 34.61808 6.461 3.30
46.16386 34.61929 4.570 3.30
46.27573 34.62283 7.392 3.60
46.28574 34.63147 6.451 3.40
46.20649 34.62196 8.610 4.00
46.29285 34.62519 2.001 3.60
46.21859 34.61571 6.590 3.30
46.19929 34.60327 5.072 3.50
46.24535 34.62075 9.547 4.00
46.18571 34.62289 6.830 3.60
46.21879 34.62585 5.508 3.10
46.19299 34.60398 7.583 4.10
46.16077 34.61994 5.392 3.70
46.23088 34.60850 4.271 3.20
46.21426 34.62356 7.997 3.20
46.18986 34.58360 5.713 3.10
46.23183 34.62829 7.212 3.70
46.20193 34.61199 6.000 3.80
46.30838 34.62059 5.425 3.60
46.17922 34.60032 6.001 3.80
46.19173 34.58620 7.965 3.40
46.17810 34.61202 7.111 3.10
46.21747 34.60020 4.113 3.60
46.15814 34.57975 2.442 3.40
46.25110 34.60613 5.672 3.50
46.23169 34.59785 8.001 3.70
46.28965 34.62808 7.330 3.50
46.21062 34.59400 5.365 3.40
46.20545 34.60370 8.296 3.40
46.26035 34.61056 6.080 3.50
46.22392 34.61377 6.676 3.30
46.28584 34.61739 6.921 4.60
46.25027 34.60463 8.004 3.20
46.19196 34.60743 4.341 3.80
46.30985 34.65942 6.786 3.80
46.23152 34.63083 4.994 3.30
46.30501 34.61591 2.749 3.10
46.19464 34.62143 6.915 3.10
46.11594 34.61100 5.034 4.90
45.61778 34.38057 8.388 4.50
46.29083 34.62803 5.782 3.70
45.68584 34.39538 8.612 3.70
46.18494 34.60693 6.722 3.40
46.34299 34.63993 2.740 3.10
45.73653 34.44486 2.001 3.10
46.33673 34.64515 6.002 3.40
45.76848 34.45090 6.822 4.00
46.32154 34.67397 7.682 3.50
45.99261 34.49903 2.002 3.60
46.23070 34.62252 5.689 3.40
46.31215 34.64248 2.056 3.20
46.24483 34.63253 4.405 3.10
46.31734 34.66250 9.034 3.10
45.92765 35.15079 2.001 3.10
46.17835 34.61200 7.226 4.10
45.43581 35.41888 29.999 3.70
46.11226 34.56717 2.744 3.20
45.45308 35.42552 2.002 3.20
46.23039 34.58989 7.162 3.40
46.22673 34.63808 5.499 3.20
45.61303 35.02865 29.997 3.30
46.30254 34.63149 8.504 3.40
46.17520 34.58147 6.003 3.30
46.16596 34.58753 6.936 3.50
46.22836 34.63608 2.708 3.70
46.25018 34.60535 9.306 4.40
46.17251 34.57662 5.620 3.30
45.89167 34.43266 7.592 3.10
46.28426 34.58731 3.440 3.30
45.56536 34.67064 6.001 3.10
45.81851 34.44617 6.785 3.50
46.24771 34.60904 5.507 3.10
45.55214 34.65273 5.998 3.40
45.60354 34.48161 7.077 4.80
46.26464 35.28593 2.004 3.10
46.24747 34.61263 4.838 3.20
46.17849 34.63665 4.312 3.70
46.25722 34.64198 6.753 3.10
46.26447 34.60825 6.705 3.50
45.77540 34.33606 2.001 3.10
46.32061 34.53637 2.001 3.10
46.28173 34.61816 8.624 4.40
46.30952 34.63197 7.270 3.80
45.39502 34.50300 12.327 3.30
46.28329 34.60051 5.182 4.10
46.12961 34.56009 2.002 4.00
45.79162 34.54850 3.772 6.50
45.52771 34.63286 9.317 6.50
45.71226 34.36086 5.869 5.0
45.70715 34.38148 6.537 16.4
45.53636 34.26809 8.275 4.40
45.67561 34.32962 2.898 3.70
45.65516 34.35606 6.846 5.20
45.66567 34.35571 2.003 4.00
45.53382 34.24498 5.506 4.00
45.68140 34.37551 2.003 3.70
45.74425 34.38557 4.163 4.00
45.64037 34.38054 5.131 3.10
45.62848 34.29262 6.445 3.10
45.60566 34.21967 3.929 3.20
45.62148 34.22328 2.379 3.40
45.64916 34.30260 4.219 3.40
45.68319 34.33179 8.572 3.60
45.65702 34.26440 2.001 3.20
45.61950 34.17586 6.003 3.40
45.62871 34.32224 7.556 3.40
45.55471 34.16559 2.002 3.20
45.71728 34.37965 2.001 3.10
45.63242 34.16715 2.003 3.10
45.60265 34.16864 8.070 4.30
45.67023 34.37614 2.002 3.30
45.58078 34.17146 7.998 4.10
45.64842 34.33512 2.002 3.60
45.65975 34.19862 2.002 3.40
45.66590 34.20169 2.005 3.20
45.59138 34.26379 9.666 3.80
45.66913 34.25682 3.229 4.70
45.63829 34.32178 6.000 3.40
45.71177 34.37834 6.835 5.30
45.76520 34.38270 2.513 3.30
45.66450 34.31260 6.995 3.10
45.67014 34.35446 6.534 4.60
45.58247 34.20728 3.962 3.20
45.56379 34.21262 8.001 3.10
45.66606 34.31124 3.678 3.60
45.64970 34.38110 4.757 3.10
45.62461 34.22886 2.001 3.30
45.76087 34.37692 8.002 3.20
45.68757 34.37275 7.588 4.30
45.64780 34.31332 8.002 3.50
45.60955 34.21326 4.451 3.80
45.58062 34.23000 4.278 3.50
45.62829 34.30199 10.662 3.10
45.69779 34.38071 7.633 3.10
45.56779 34.21338 8.001 3.30
45.68954 34.32585 5.717 4.10
45.59726 34.30670 12.535 3.20
45.75025 34.43506 8.004 3.10
45.69177 34.36842 8.345 3.30
45.66356 34.18185 6.959 4.20
45.60092 34.18102 6.000 3.70
45.57261 34.20370 9.164 3.60
45.73846 34.37033 10.833 3.70
45.59686 34.24297 6.701 3.20
45.70404 34.35126 2.002 3.10
45.60724 34.16212 7.042 3.80
45.57076 34.15626 10.488 3.70
45.63286 34.33196 7.996 3.60
45.73428 34.35467 4.810 4.50
45.46612 34.41967 7.626 3.20
45.60970 34.31249 8.127 3.50
45.70570 34.47844 4.578 4.00
45.59399 34.32825 8.999 3.30
45.64476 34.34541 2.992 3.90
45.57114 34.28164 4.909 3.90
46.22060 34.61048 8.558 3.90
45.65665 34.16101 7.545 5.80
45.59672 34.15139 2.652 4.20
45.64632 34.24019 7.998 3.80
45.60950 34.17165 2.002 4.30
45.62828 34.14638 3.210 3.40
45.58581 34.22201 8.002 3.30
45.63684 34.10760 9.017 4.70
45.56606 34.11352 4.002 3.60
45.63346 34.14330 2.601 4.10
45.61887 34.20310 4.681 3.40
45.55136 34.12473 4.211 3.10
45.51214 34.07431 2.001 3.10
45.55301 34.12312 5.663 3.10
45.58896 34.12840 2.944 3.10
45.57864 34.12375 2.741 3.10
45.58564 34.10128 2.001 3.50
45.60680 34.11702 4.531 3.40
45.59264 34.12333 4.321 4.50
45.56865 34.08804 7.471 4.00
45.54780 34.15536 5.999 3.80
45.50062 34.63927 6.003 3.60
45.59676 34.12226 8.334 4.00
45.48037 34.62300 14.813 3.30
46.28607 34.59075 2.001 3.20
45.61243 34.15071 5.147 3.60
45.57467 34.17181 8.390 3.60
45.60733 34.14253 2.879 3.20
45.51061 34.52896 9.057 3.10
45.64410 34.32607 6.864 3.50
45.61853 34.24416 5.484 3.60
45.68166 34.27972 3.384 3.80
45.61521 34.13470 2.975 3.30
45.16420 34.55825 29.996 3.90
45.04717 34.51655 2.000 3.40
45.18339 34.58105 10.000 3.40
45.23449 34.59213 7.245 3.30
45.19536 34.45396 29.999 3.50
45.27742 34.58110 2.606 3.60
45.06956 34.54829 6.001 3.20
45.89864 34.87592 13.731 3.40
45.62776 34.17977 4.330 3.40
45.52034 34.20642 2.001 3.20
46.06703 34.52591 2.001 3.60
45.51320 34.09899 2.073 3.30
45.68361 34.24754 2.002 3.70
45.18309 34.55038 6.175 4.10
45.65857 34.66164 2.002 3.40
46.07497 34.86193 4.049 4.20
46.28356 34.61564 7.969 3.40
45.53943 34.20973 6.399 3.80
45.56596 34.23402 2.002 4.50
45.55170 34.68470 2.002 3.30
45.53214 34.30640 2.000 3.10
45.58014 34.14151 6.390 3.30
45.71640 34.50368 3.026 4.30
45.67640 34.35503 8.263 3.70
45.63287 34.59144 6.000 3.50
45.63409 34.18638 4.340 3.30
45.64793 34.32880 25.402 3.40
45.75845 34.86696 4.003 5.10
45.62075 34.37824 7.151 3.40
45.78469 34.55690 7.042 3.20
46.35703 34.64383 8.110 4.10
45.84994 34.85888 8.688 4.00
45.85351 34.85326 2.013 3.20
46.15566 34.60012 3.998 3.80
45.53487 34.40467 3.482 3.20
45.65054 34.46009 2.996 3.10
45.62848 34.41361 7.080 4.50
45.63181 34.44325 6.538 4.80
45.65881 34.43456 2.001 3.50
45.63141 34.44750 4.699 4.30
46.08995 34.82400 2.001 3.10
46.33049 34.66833 9.708 3.10
45.85312 34.34835 2.001 3.10
45.58857 34.34109 10.124 3.80
45.65635 34.43993 4.715 4.20
45.63658 34.53720 9.157 4.40
45.82179 34.59700 6.366 3.40
46.22318 34.59715 4.493 4.10
45.85703 35.04749 11.038 3.50
45.34396 34.57771 9.208 3.40
46.17361 34.58565 2.002 3.30
45.74792 35.24571 8.004 3.80
45.86821 34.48093 6.000 3.60
45.66154 34.43744 2.002 3.80
46.36125 35.36754 3.822 4.40
46.35305 35.32735 6.001 3.30
45.55237 34.22728 13.453 3.40
45.74066 34.40078 5.791 3.70
46.32013 34.63246 9.114 4.00
46.25869 34.60334 3.002 3.30
46.22288 34.88145 11.466 3.50
45.83778 34.51654 8.192 3.60
45.63339 33.93289 2.001 3.20
45.80880 34.11935 7.380 3.40
45.71058 34.42142 5.998 3.50
45.58818 34.16344 7.545 3.40
