#Lon	Lat	Depth size	Mag.
45.705	34.508	11	0.43    4.3
46.287	34.614	8.1	0.38    3.8
46.104	34.648	8.1	0.28    2.8
46.226	34.638	8.5	0.34    3.4
46.077	34.615	9.9	0.4     4
46.218	34.511	15	0.39    3.9
45.843	34.279	8.1	0.29    2.9
46.185	34.598	11	0.36    3.6
45.648	34.882	16.1	0.28    2.8
45.747	34.4	17.5	0.36    3.6
46.185	34.597	10.3	0.37    3.7
46.177	34.602	10.9	0.3     3
45.413	34.429	17.9	0.49    4.9
45.877	34.626	4.2	0.32    3.2
46.134	34.603	9.1	0.29    2.9
45.58	34.855	18.9	0.36    3.6
45.935	34.679	15.3	0.27    2.7
45.81	34.757	11.9	0.33    3.3
46.046	34.576	6.9	0.26    2.6
46.276	34.643	7.9	0.33    3.3
45.756	34.713	7.7	0.27    2.7
45.55	34.521	15.3	0.26    2.6
46.123	34.636	7.1	0.36    3.6
46.29	34.571	0.9	0.27    2.7
45.853	34.629	5.1	0.27    2.7
45.949	34.516	9	0.27    2.7
45.635	34.865	15.7	0.3     3
46.261	34.587	8.5	0.27    2.7
45.837	34.417	11	0.28    2.8
45.69	34.324	29.2	0.36    3.6
45.906	34.397	14.7	0.42    4.2
45.822	34.519	19.1	0.28    2.8
45.719	34.721	18.4	0.33    3.3
46.176	34.608	10	0.31    3.1
45.712	34.678	10.2	0.29    2.9
45.743	34.645	14.2	0.25    2.5
45.755	34.702	8	0.34    3.4
45.796	35.001	8.1	0.34    3.4
45.76	34.719	8.2	0.32    3.2
45.703	34.43	15	0.38    3.8
45.714	34.424	17.2	0.39    3.9
45.956	34.639	18.8	0.28    2.8
46.074	34.383	9.1	0.34    3.4
45.765	34.71	7	0.26    2.6
46.153	34.686	8	0.29    2.9
45.83	34.406	13.6	0.29    2.9
45.707	34.597	12.8	0.26    2.6
45.806	34.855	8.6	0.26    2.6
45.592	34.737	11.1	0.24    2.4
46.199	34.6	11	0.37    3.7
45.738	34.816	9	0.39    3.9
46.212	34.594	10.7	0.32    3.2
46.139	34.662	12.1	0.34    3.4
46.152	34.612	9.1	0.28    2.8
45.836	34.924	11.7	0.32    3.2
46.21	34.609	11	0.36    3.6
46.193	34.597	10.7	0.3     3
45.783	34.692	6.1	0.24    2.4
45.688	34.82	8.4	0.33    3.3
45.553	34.821	17.5	0.37    3.7
45.767	34.614	8.3	0.26    2.6
45.774	34.75	6.5	0.33    3.3
46.246	34.644	8	0.3     3
45.732	34.729	14	0.24    2.4
45.759	34.621	15.3	0.36    3.6
46.34	34.69	8	0.29    2.9
45.901	34.978	15.2	0.32    3.2
46.332	34.665	10.1	0.32    3.2
45.76	35.033	8.3	0.33    3.3
45.75	35.043	8.5	0.34    3.4
46.284	34.662	5.2	0.33    3.3
45.895	34.62	8	0.23    2.3
45.816	34.53	11.6	0.3     3
45.775	34.874	25.9	0.48    4.8
45.74	34.727	25.4	0.26    2.6
45.748	34.479	14.2	0.28    2.8
46.232	34.597	8	0.26    2.6
45.737	34.815	7.5	0.25    2.5
46.253	34.599	10.7	0.28    2.8
45.735	34.751	9.4	0.24    2.4
45.659	34.431	21.3	0.29    2.9
45.771	34.722	8.4	0.27    2.7
45.627	34.573	19	0.34    3.4
45.55	34.68	11	0.28    2.8
45.705	34.477	16.6	0.23    2.3
45.755	34.719	6.8	0.25    2.5
45.709	34.754	9.7	0.27    2.7
45.741	34.688	8	0.31    3.1
46.297	34.63	6.2	0.3     3
45.799	34.641	14.8	0.25    2.5
45.737	34.814	8.7	0.26    2.6
45.664	34.339	13.2	0.3     3
45.669	34.611	11	0.22    2.2
46.349	34.694	8.7	0.28    2.8
45.735	34.717	6.6	0.3     3
45.933	34.538	8	0.32    3.2
45.749	34.707	8.5	0.28    2.8
45.652	34.818	10.8	0.27    2.7
45.817	34.988	15.3	0.3     3
45.915	34.53	8.1	0.26    2.6
45.861	35.101	8.5	0.36    3.6
45.863	35.098	7.9	0.35    3.5
46.098	34.705	10.1	0.33    3.3
45.754	34.522	14.1	0.24    2.4
45.695	34.676	10.9	0.3     3
45.841	34.924	12.4	0.31    3.1
45.693	34.917	8.3	0.27    2.7
45.99	34.613	8.5	0.25    2.5
46.004	34.918	8.8	0.35    3.5
45.857	34.973	13.8	0.27    2.7
45.673	34.742	9.9	0.3     3
45.938	34.394	15.8	0.36    3.6
45.883	34.35	8.2	0.34    3.4
45.734	34.676	13	0.3     3
45.625	34.639	15	0.27    2.7
45.697	34.833	7.9	0.33    3.3
45.708	34.489	16.6	0.3     3
45.909	35.083	12.4	0.25    2.5
45.746	34.722	6.4	0.28    2.8
45.752	34.72	6.8	0.29    2.9
45.996	34.487	10.1	0.24    2.4
46.008	34.492	8.8	0.22    2.2
45.923	34.844	17.2	0.3     3
45.56	34.56	16.5	0.29    2.9
45.772	34.794	10.6	0.35    3.5
46.134	34.61	7.9	0.24    2.4
45.571	34.553	18.4	0.41    4.1
45.832	35.013	7.8	0.29    2.9
45.831	35.014	8	0.29    2.9
45.58	34.55	17.4	0.28    2.8
45.572	34.552	16.9	0.27    2.7
46.267	34.67	5.8	0.33    3.3
45.811	34.877	9.2	0.27    2.7
45.777	34.527	12.2	0.25    2.5
45.78	34.508	11.5	0.28    2.8
45.745	34.822	8	0.3     3
45.76	34.643	6.5	0.35    3.5
46.346	34.577	5.5	0.32    3.2
45.714	34.765	14.9	0.3     3
45.757	34.72	5.9	0.25    2.5
45.91	34.624	6.7	0.2     2
45.895	34.466	11	0.26    2.6
45.737	34.83	4	0.23    2.3
45.792	34.931	9.6	0.26    2.6
45.79	34.928	8.6	0.24    2.4
45.792	34.931	9.6	0.25    2.5
45.796	34.59	14.3	0.26    2.6
45.784	34.629	13	0.27    2.7
46.296	34.683	6	0.36    3.6
46.025	34.888	9.6	0.22    2.2
45.829	34.932	16.8	0.24    2.4
45.726	34.712	7.8	0.3     3
46.191	34.605	7.9	0.25    2.5
45.996	34.606	6	0.24    2.4
45.556	34.725	15.5	0.3     3
46.184	34.548	7.9	0.28    2.8
45.677	34.851	11	0.39    3.9
45.664	34.861	11	0.4     4
45.8	34.429	11.1	0.39    3.9
45.725	34.772	11.1	0.26    2.6
45.726	34.725	10.1	0.26    2.6
45.654	34.59	15.8	0.24    2.4
45.868	34.497	11	0.26    2.6
46.094	34.569	8	0.3     3
46.106	34.567	8.9	0.3     3
46.099	34.57	8	0.3     3
46.098	34.571	7.7	0.31    3.1
46.099	34.573	7.7	0.26    2.6
46.103	34.569	8.3	0.31    3.1
45.862	34.901	11.4	0.31    3.1
45.867	34.902	11.9	0.3     3
44.993	34.042	36.9	0.35    3.5
46.095	34.562	8.2	0.25    2.5
45.682	34.922	8.5	0.38    3.8
45.915	34.532	9	0.27    2.7
46.159	34.542	7.4	0.34    3.4
45.649	34.981	12.2	0.32    3.2
45.769	34.726	7.7	0.25    2.5
45.661	34.972	12.8	0.32    3.2
45.7	34.47	17.1	0.26    2.6
45.724	34.712	9	0.29    2.9
45.768	34.766	9.2	0.3     3
45.911	34.424	9.5	0.31    3.1
45.674	34.569	13.8	0.28    2.8
45.984	34.495	8.1	0.21    2.1
45.695	34.922	12.5	0.49    4.9
45.693	34.918	12.5	0.5     5
46.291	34.643	8.2	0.28    2.8
45.939	34.516	8	0.19    1.9
45.75	34.701	6	0.22    2.2
45.693	34.648	13.4	0.23    2.3
45.737	34.551	12.9	0.24    2.4
45.81	34.982	21.1	0.37    3.7
45.705	34.603	13.8	0.27    2.7
45.757	34.578	15.1	0.43    4.3
45.623	34.788	14.6	0.36    3.6
45.858	34.589	6.8	0.2     2
45.635	34.793	14.1	0.45    4.5
45.764	34.475	18.5	0.29    2.9
45.619	34.787	11.8	0.45    4.5
45.779	34.568	13	0.2     2
45.743	34.866	9.1	0.22    2.2
45.858	34.52	9.6	0.17    1.7
45.848	34.79	13.6	0.21    2.1
45.691	34.597	3.4	0.29    2.9
45.687	34.61	7.7	0.29    2.9
45.88	34.356	7.7	0.24    2.4
46.07	34.623	7.9	0.23    2.3
45.859	34.876	8	0.25    2.5
45.911	34.423	8.9	0.19    1.9
45.742	34.488	16.5	0.19    1.9
45.74	34.493	15.3	0.18    1.8
46.169	34.645	7.7	0.22    2.2
46.32	34.701	8.2	0.26    2.6
45.751	34.491	15.6	0.29    2.9
45.811	34.608	14	0.3     3
45.805	34.616	14.7	0.3     3
45.926	34.407	11.4	0.32    3.2
45.915	34.413	11	0.33    3.3
45.699	34.92	8	0.28    2.8
45.746	34.662	9.3	0.28    2.8
45.734	34.911	10.8	0.25    2.5
46.268	34.628	7.9	0.27    2.7
45.902	34.486	12	0.37    3.7
45.922	34.49	10.7	0.24    2.4
45.915	34.479	15.1	0.33    3.3
45.906	34.48	13.9	0.32    3.2
45.919	34.488	11.1	0.28    2.8
45.812	34.455	13.1	0.23    2.3
46.109	34.573	8.7	0.31    3.1
46.109	34.573	8.6	0.3     3
45.881	34.58	6.9	0.27    2.7
45.69	34.71	10.8	0.33    3.3
45.768	34.511	7.7	0.23    2.3
45.596	34.587	11.3	0.23    2.3
45.779	34.477	16.6	0.35    3.5
45.786	34.475	12.6	0.35    3.5
46.035	34.682	8.1	0.22    2.2
46.034	34.683	8.2	0.25    2.5
46.089	34.566	7.6	0.19    1.9
45.89	34.62	7.7	0.22    2.2
46.17	34.6	7.5	0.26    2.6
45.549	34.565	15.8	0.23    2.3
45.751	34.708	6.7	0.26    2.6
45.771	34.822	8	0.25    2.5
45.739	34.82	13.7	0.25    2.5
45.886	34.631	7.7	0.24    2.4
45.634	34.545	17	0.31    3.1
45.613	34.555	16.8	0.32    3.2
45.91	34.59	7.4	0.24    2.4
45.627	34.548	17.9	0.29    2.9
45.613	34.557	17.3	0.28    2.8
46.282	34.634	9.3	0.28    2.8
45.786	35.062	4.8	0.29    2.9
46.226	34.532	11	0.23    2.3
45.919	34.531	8.8	0.31    3.1
46.093	34.57	8	0.32    3.2
46.1	34.566	7.5	0.26    2.6
46.033	34.687	9.6	0.25    2.5
45.659	34.519	17.1	0.25    2.5
45.728	34.579	17.2	0.23    2.3
45.781	34.597	12.7	0.22    2.2
46.034	34.685	8	0.23    2.3
46.297	34.668	5.4	0.28    2.8
46.272	34.486	8.4	0.23    2.3
46.096	34.571	8	0.3     3
46.304	34.668	6.3	0.29    2.9
46.016	34.575	0	0.3     3
45.891	34.609	6.6	0.22    2.2
45.773	34.633	16.2	0.28    2.8
45.847	34.995	0.7	0.3     3
45.622	34.763	14.1	0.31    3.1
45.621	34.765	14.2	0.33    3.3
45.904	34.484	12.2	0.39    3.9
46.107	34.611	3.5	0.37    3.7
45.889	34.611	6.5	0.26    2.6
45.743	34.626	10.7	0.25    2.5
45.751	34.554	13.7	0.36    3.6
46.033	34.687	8	0.27    2.7
45.566	34.564	13.9	0.27    2.7
45.887	34.612	7.9	0.28    2.8
45.641	34.628	15	0.2     2
46.394	34.589	7.1	0.34    3.4
45.974	34.52	10.3	0.24    2.4
46.081	34.631	5.5	0.29    2.9
46.103	34.574	7.6	0.25    2.5
45.684	34.856	7.2	0.3     3
46.288	34.669	7	0.3     3
46.298	34.685	7.8	0.36    3.6
46.101	34.57	8	0.25    2.5
46.064	34.547	8.3	0.22    2.2
45.603	34.814	9.5	0.38    3.8
45.718	34.754	8.4	0.3     3
46.028	34.591	8	0.25    2.5
45.714	34.781	7.6	0.32    3.2
46.033	34.684	8.6	0.22    2.2
45.776	34.535	14.6	0.3     3
46.193	34.613	8	0.28    2.8
45.791	34.459	17.1	0.22    2.2
46.095	34.574	8.6	0.26    2.6
46.034	34.689	8.2	0.3     3
46.038	34.68	8.7	0.31    3.1
46.032	34.69	8.6	0.31    3.1
46.032	34.689	8	0.27    2.7
46.035	34.682	8.5	0.23    2.3
45.861	34.487	9.8	0.28    2.8
45.806	34.476	14.4	0.28    2.8
45.806	34.477	14	0.28    2.8
45.738	34.702	14.8	0.37    3.7
45.727	34.712	14.7	0.37    3.7
46.089	34.573	9.4	0.26    2.6
46.091	34.572	8.5	0.26    2.6
45.618	34.501	17.4	0.36    3.6
45.721	34.527	16.7	0.35    3.5
45.956	34.488	4.8	0.34    3.4
46.011	34.586	4.3	0.32    3.2
45.784	34.614	16.5	0.34    3.4
45.88	34.618	7.6	0.24    2.4
45.454	34.764	22.4	0.3     3
45.671	34.655	16.8	0.25    2.5
45.693	34.92	11.4	0.33    3.3
46.087	34.579	8.6	0.27    2.7
45.695	34.552	19.3	0.25    2.5
46.083	34.675	8.1	0.32    3.2
46.327	34.617	10.1	0.3     3
46.135	34.678	10.6	0.33    3.3
46.045	34.582	6.1	0.35    3.5
46.051	34.583	6	0.33    3.3
45.875	34.497	10.9	0.24    2.4
45.912	34.489	11	0.23    2.3
45.907	34.488	11.4	0.26    2.6
45.63	34.625	14.4	0.29    2.9
46.164	34.32	7.5	0.26    2.6
46.274	34.663	5.8	0.33    3.3
45.784	34.711	7.2	0.32    3.2
45.779	34.721	7	0.25    2.5
46.126	34.593	8	0.32    3.2
46.126	34.588	8	0.32    3.2
45.82	34.475	13.6	0.31    3.1
45.822	34.476	12.9	0.31    3.1
45.639	34.598	17.8	0.27    2.7
45.778	34.55	13	0.27    2.7
46.021	34.621	7.4	0.24    2.4
45.883	34.608	7.9	0.29    2.9
45.771	34.611	13.7	0.24    2.4
45.858	34.946	8.9	0.31    3.1
46.035	34.602	6.2	0.27    2.7
45.651	34.496	3.1	0.24    2.4
46.094	34.577	11	0.3     3
45.887	34.48	11.4	0.17    1.7
46.225	34.667	8	0.35    3.5
45.757	34.585	14.2	0.48    4.8
45.841	34.431	3.7	0.33    3.3
46.075	34.587	8	0.22    2.2
45.741	34.612	15.3	0.37    3.7
45.823	34.882	4.4	0.27    2.7
46.28	34.669	5.4	0.28    2.8
45.997	34.483	11.3	0.27    2.7
45.745	34.586	17.5	0.33    3.3
45.843	34.943	9.4	0.28    2.8
45.734	34.612	14.5	0.26    2.6
46.095	34.569	0	0.34    3.4
46.077	34.574	7.7	0.25    2.5
46.29	34.672	5.8	0.29    2.9
45.665	34.88	9	0.29    2.9
45.719	34.645	11	0.33    3.3
46.105	34.57	8	0.24    2.4
45.718	34.679	9.1	0.23    2.3
46.085	34.575	8	0.28    2.8
45.31	34.68	0	0.3     3
45.754	34.896	9	0.25    2.5
46.034	34.685	8.3	0.22    2.2
45.618	34.649	12.7	0.29    2.9
45.79	34.525	13.1	0.38    3.8
45.838	34.804	12.7	0.28    2.8
45.911	34.587	9.4	0.24    2.4
45.591	34.654	18.9	0.25    2.5
46.289	34.661	5.6	0.34    3.4
45.624	34.531	18.4	0.26    2.6
46.294	34.67	5.7	0.27    2.7
45.893	34.505	8	0.18    1.8
45.835	34.961	7.2	0.4     4
45.679	34.851	7.9	0.43    4.3
45.752	34.58	15.3	0.27    2.7
45.745	34.527	13.9	0.26    2.6
45.807	34.576	11.9	0.27    2.7
45.771	34.479	15.5	0.34    3.4
45.766	34.48	14.9	0.33    3.3
45.604	34.769	7.9	0.34    3.4
45.553	34.818	7.7	0.32    3.2
46.316	34.66	7.9	0.36    3.6
46.086	34.574	8	0.25    2.5
46.094	34.582	11.1	0.28    2.8
45.862	34.884	7.1	0.3     3
45.799	34.901	4.2	0.39    3.9
45.703	34.445	16	0.24    2.4
45.791	34.919	0	0.29    2.9
45.666	34.678	17.7	0.23    2.3
45.789	34.9	0	0.23    2.3
45.61	34.756	12.5	0.27    2.7
45.756	34.786	17.2	0.29    2.9
46.092	34.57	8	0.24    2.4
46.343	34.647	7.8	0.2     2
45.828	34.962	0.8	0.29    2.9
45.744	34.71	7.8	0.3     3
45.589	34.836	8.9	0.27    2.7
45.678	34.899	8.7	0.25    2.5
46.086	34.571	8.1	0.21    2.1
46.012	34.606	6.9	0.2     2
45.917	34.991	4	0.28    2.8
46.203	34.618	5.3	0.22    2.2
46.347	34.615	4.3	0.33    3.3
45.811	34.547	19.4	0.32    3.2
45.85	34.891	9.6	0.32    3.2
46.146	34.526	10.9	0.25    2.5
46.123	34.584	7.3	0.24    2.4
45.546	34.809	8.7	0.34    3.4
45.559	34.804	3.6	0.35    3.5
46.078	34.667	7.8	0.24    2.4
46.053	34.588	7.9	0.25    2.5
45.769	35.268	15	0.42    4.2
45.936	34.574	9.9	0.23    2.3
46.171	34.452	10.9	0.23    2.3
45.664	34.696	9.3	0.21    2.1
46.069	34.389	8	0.16    1.6
45.933	34.569	9	0.24    2.4
45.773	34.618	15.6	0.21    2.1
45.779	34.522	16.9	0.15    1.5
45.743	34.711	6.7	0.33    3.3
45.712	34.492	15.3	0.23    2.3
46.159	34.524	8	0.23    2.3
45.789	34.587	15.2	0.23    2.3
46.019	34.614	6.2	0.28    2.8
46.105	34.599	11.9	0.23    2.3
46.23	34.613	9.3	0.26    2.6
46.381	34.646	8.1	0.31    3.1
46.158	34.514	8.8	0.32    3.2
46.159	34.521	8.8	0.25    2.5
45.914	34.589	8.7	0.27    2.7
46.106	34.65	6.9	0.3     3
45.935	34.57	7.8	0.26    2.6
45.921	34.585	8.6	0.32    3.2
45.916	34.581	9.3	0.32    3.2
46.354	34.624	10.6	0.3     3
45.986	34.646	7.3	0.27    2.7
46.163	34.555	8	0.41    4.1
46.197	34.628	6.8	0.3     3
45.924	34.511	10.6	0.3     3
45.936	34.513	14.3	0.25    2.5
45.774	34.857	3.6	0.37    3.7
45.922	34.592	10	0.21    2.1
45.564	34.925	5.6	0.26    2.6
45.495	34.636	10.9	0.29    2.9
45.673	34.739	8	0.22    2.2
46.257	34.629	6.9	0.28    2.8
46.264	34.657	10.5	0.32    3.2
45.871	34.588	8.4	0.22    2.2
45.706	34.621	10.8	0.28    2.8
46.162	34.565	8	0.31    3.1
45.94	34.623	9.1	0.36    3.6
45.504	34.645	0	0.25    2.5
45.802	34.499	13.3	0.34    3.4
45.703	34.685	8	0.27    2.7
45.949	34.624	7.9	0.21    2.1
45.709	34.509	14.2	0.27    2.7
46.274	34.534	15.2	0.25    2.5
45.677	34.636	15	0.26    2.6
45.607	34.694	35	0.24    2.4
45.729	34.582	16.1	0.31    3.1
45.616	34.754	11.3	0.22    2.2
45.602	34.656	11.1	0.22    2.2
45.569	34.601	18.2	0.23    2.3
45.626	34.791	0.3	0.32    3.2
45.733	34.5	16.8	0.24    2.4
45.744	34.77	6.9	0.26    2.6
45.792	34.82	6	0.33    3.3
45.733	35.009	4.2	0.45    4.5
46.349	34.637	7.9	0.24    2.4
45.67	34.883	9.3	0.28    2.8
45.678	34.702	6.4	0.34    3.4
46.242	34.661	8.3	0.29    2.9
46.242	34.657	11	0.33    3.3
45.84	35.048	12.1	0.32    3.2
46.116	34.607	4.2	0.29    2.9
46.081	34.574	10.3	0.22    2.2
45.774	34.616	16.3	0.37    3.7
46.316	34.675	6.8	0.34    3.4
45.686	34.688	7.1	0.23    2.3
45.761	34.816	6.4	0.38    3.8
45.681	34.838	6.4	0.29    2.9
46.268	34.647	8.8	0.26    2.6
45.916	34.836	19	0.34    3.4
46.321	34.655	2.8	0.31    3.1
45.819	35.063	11.9	0.24    2.4
46.033	34.699	7.7	0.07    0.7
46.649	34.387	18.2	0.47    4.7
46.158	34.515	12.9	0.22    2.2
46.605	34.386	19.2	0.5     5
46.612	34.395	18.5	0.48    4.8
46.097	34.603	11.1	0.26    2.6
46.076	34.504	13	0.1     1
45.906	34.579	9.3	0.16    1.6
45.872	34.598	8.7	0.28    2.8
46.095	34.623	7.5	0.25    2.5
46.143	34.617	8.2	0.13    1.3
46.162	34.519	11.1	0.25    2.5
45.716	34.563	12.5	0.22    2.2
45.908	34.584	8.9	0.28    2.8
45.62	34.71	12.6	0.26    2.6
46.032	34.6	6.8	0.21    2.1
45.721	34.72	5.7	0.29    2.9
45.786	34.655	16.1	0.29    2.9
45.617	34.636	11.6	0.29    2.9
45.804	34.308	8.1	0.29    2.9
45.59	34.789	9.9	0.25    2.5
45.737	34.37	17.2	0.28    2.8
45.701	34.816	5	0.32    3.2
45.712	34.807	6.1	0.29    2.9
46.087	34.677	9.9	0.31    3.1
45.81	34.529	12	0.23    2.3
45.758	34.766	9.6	0.27    2.7
45.775	34.572	16.5	0.28    2.8
45.782	34.537	12.5	0.16    1.6
46.312	34.687	6.4	0.28    2.8
45.654	34.552	14.4	0.29    2.9
45.71	34.554	15.4	0.27    2.7
46.339	34.688	8.2	0.33    3.3
45.659	34.94	11.5	0.27    2.7
46.168	34.594	13.2	0.26    2.6
45.787	34.522	16	0.26    2.6
46.198	34.545	15	0.27    2.7
46.192	34.644	7.4	0.23    2.3
45.667	34.894	10.6	0.29    2.9
45.757	34.766	9.5	0.25    2.5
45.719	34.838	13.1	0.37    3.7
45.86	34.776	10.2	0.24    2.4
45.77	34.492	16.6	0.23    2.3
46.369	34.65	9.1	0.31    3.1
46.216	34.511	11.1	0.2     2
45.807	34.455	12.4	0.26    2.6
45.78	34.499	15	0.19    1.9
45.716	34.762	1.9	0.27    2.7
46.084	34.573	9.8	0.23    2.3
45.695	35.326	13.3	0.4     4
46.069	34.596	12.6	0.21    2.1
46.188	34.566	10	0.32    3.2
45.819	34.516	13.4	0.24    2.4
45.625	34.552	17.5	0.24    2.4
45.793	34.531	12.9	0.27    2.7
46.162	34.515	12	0.26    2.6
46.165	34.563	13.2	0.27    2.7
45.883	34.607	8.4	0.26    2.6
45.536	34.375	15	0.29    2.9
45.878	34.481	12.8	0.2     2
46.322	34.671	6	0.23    2.3
45.887	34.575	10.6	0.24    2.4
45.84	34.486	11.7	0.2     2
46.38	34.654	9.8	0.24    2.4
45.812	34.992	9.4	0.36    3.6
46.009	34.623	7.1	0.27    2.7
45.692	34.766	6.4	0.27    2.7
46.386	34.645	11	0.27    2.7
45.611	34.472	17.6	0.31    3.1
45.883	34.574	10.2	0.25    2.5
45.951	34.647	20	0.29    2.9
45.685	34.965	9.3	0.28    2.8
45.764	34.46	2.9	0.15    1.5
45.89	34.881	9.4	0.24    2.4
45.846	34.915	14.6	0.26    2.6
45.603	34.763	12.4	0.23    2.3
45.948	34.642	20	0.24    2.4
45.779	34.422	15	0.3     3
45.774	35.095	18.4	0.52    5.2
45.61	34.554	18.7	0.49    4.9
45.613	34.569	21.6	0.43    4.3
45.563	34.547	16	0.26    2.6
46.333	34.671	8.8	0.36    3.6
45.873	34.475	14	0.22    2.2
45.6	34.55	19.1	0.25    2.5
45.763	34.718	7	0.33    3.3
45.444	34.545	19.7	0.31    3.1
45.761	34.658	12.4	0.32    3.2
46.244	34.64	9.1	0.32    3.2
45.92	34.573	16.5	0.27    2.7
46.222	34.664	12.2	0.41    4.1
46.216	34.664	12.8	0.32    3.2
45.798	34.515	15	0.24    2.4
45.874	35.12	13.6	0.5     5
45.618	34.549	21.6	0.25    2.5
45.704	35.341	12.2	0.36    3.6
45.625	34.548	18.9	0.3     3
45.615	34.547	19.1	0.28    2.8
45.786	34.704	18.3	0.28    2.8
45.956	34.649	20	0.26    2.6
46.007	34.62	12.5	0.32    3.2
46.336	34.678	9.5	0.41    4.1
45.803	34.55	19.9	0.32    3.2
45.577	34.693	13.8	0.34    3.4
46.187	34.625	13.5	0.39    3.9
45.637	34.549	21.7	0.24    2.4
45.638	34.558	22.3	0.33    3.3
46.134	33.956	17.8	0.27    2.7
45.653	34.415	17.3	0.23    2.3
46.236	34.71	6.9	0.24    2.4
45.652	34.935	4.1	0.28    2.8
46.152	34.582	5.1	0.31    3.1
45.597	34.553	19.6	0.22    2.2
45.514	34.616	20.7	0.23    2.3
45.563	34.572	15.9	0.23    2.3
46.259	34.649	11.9	0.32    3.2
46.079	34.668	10.3	0.17    1.7
46.245	34.667	9.8	0.3     3
46.206	34.545	15	0.29    2.9
45.855	34.418	16.2	0.27    2.7
45.614	34.426	20	0.33    3.3
46.245	34.68	13.5	0.31    3.1
46.325	34.669	7.9	0.33    3.3
45.832	34.93	12.9	0.32    3.2
46.303	34.691	12.2	0.29    2.9
46.008	34.667	9.8	0.23    2.3
45.882	34.46	14.3	0.21    2.1
46.082	34.677	10.7	0.21    2.1
45.699	34.838	3	0.21    2.1
45.729	34.584	15	0.21    2.1
46.078	34.67	10.9	0.23    2.3
45.985	34.649	6.9	0.25    2.5
45.766	34.931	4.4	0.35    3.5
46.08	34.681	9.4	0.27    2.7
45.774	35.072	19.3	0.56    5.6
45.796	35.107	17.9	0.53    5.3
45.648	34.86	13.3	0.22    2.2
45.873	34.605	8.9	0.26    2.6
45.469	34.596	29.7	0.35    3.5
45.757	34.862	13	0.23    2.3
46.33	34.664	0.3	0.21    2.1
45.624	34.56	18.9	0.26    2.6
45.776	34.488	14.2	0.25    2.5
45.554	34.895	19.6	0.31    3.1
46.221	34.68	9	0.23    2.3
46.158	34.726	5.9	0.29    2.9
45.7	34.403	13.2	0.2     2
46.009	34.613	7.1	0.28    2.8
45.899	34.482	7	0.18    1.8
46.146	34.578	1.4	0.17    1.7
46.248	34.658	10.6	0.28    2.8
46.363	34.784	10.9	0.29    2.9
45.612	34.811	11.6	0.24    2.4
45.881	34.604	8	0.26    2.6
45.875	34.606	7.7	0.27    2.7
45.849	34.984	10.5	0.28    2.8
46.1	34.601	6	0.18    1.8
45.545	34.607	18.2	0.23    2.3
45.939	34.528	10.5	0.21    2.1
45.787	34.902	10.4	0.34    3.4
45.584	34.548	20.5	0.29    2.9
46.233	34.636	12.7	0.41    4.1
45.779	34.441	12.8	0.25    2.5
46.087	34.555	12.1	0.26    2.6
45.847	34.493	12.6	0.17    1.7
46.289	34.694	8.8	0.25    2.5
46.016	34.621	9.7	0.23    2.3
46.289	34.648	11.1	0.34    3.4
45.77	34.638	17.2	0.31    3.1
45.638	34.616	13.1	0.22    2.2
46.066	34.541	8.2	0.29    2.9
46.476	34.384	19.3	0.29    2.9
45.631	35.041	11.2	0.41    4.1
46.292	34.647	11.7	0.38    3.8
46.127	34.682	13.1	0.24    2.4
46.227	34.666	9.8	0.25    2.5
45.767	34.517	15	0.33    3.3
46.412	34.615	12.9	0.32    3.2
46.406	34.61	12.1	0.32    3.2
45.868	34.513	13.5	0.24    2.4
46.388	34.631	10	0.35    3.5
45.421	34.598	22.7	0.31    3.1
45.694	34.8	11.4	0.38    3.8
45.828	34.904	11.9	0.28    2.8
45.825	34.894	11.2	0.27    2.7
45.242	34.69	21	0.35    3.5
46.431	34.643	7.8	0.32    3.2
46.153	34.615	17.2	0.23    2.3
46.12	34.591	8.5	0.23    2.3
45.622	34.558	20.1	0.22    2.2
46.228	34.587	15	0.24    2.4
45.738	34.817	15.3	0.25    2.5
45.702	34.643	8.7	0.18    1.8
45.622	34.549	19.9	0.29    2.9
45.998	34.613	7.5	0.27    2.7
46.373	34.608	7	0.28    2.8
45.998	34.608	6.8	0.22    2.2
45.816	34.789	4.8	0.36    3.6
45.881	34.587	9.3	0.32    3.2
45.879	34.589	9.3	0.26    2.6
45.879	34.593	9.3	0.25    2.5
46.202	34.898	10.1	0.24    2.4
46.087	34.598	5.3	0.25    2.5
45.876	34.598	8.9	0.3     3
45.881	34.599	8.5	0.18    1.8
45.835	34.508	15	0.25    2.5
45.305	34.605	18.1	0.27    2.7
45.739	34.959	10.2	0.3     3
45.774	34.895	11.7	0.22    2.2
45.954	34.643	19.8	0.31    3.1
45.784	34.896	9	0.28    2.8
45.784	34.9	10.3	0.24    2.4
45.793	34.747	10	0.23    2.3
46.226	34.548	17.3	0.21    2.1
45.873	35.097	15	0.42    4.2
45.775	34.897	10.7	0.24    2.4
45.734	34.544	16.6	0.24    2.4
46.289	34.592	7.9	0.31    3.1
45.707	34.524	16.7	0.17    1.7
46.12	34.674	10.6	0.21    2.1
45.854	34.887	10.1	0.24    2.4
45.86	34.614	8.5	0.23    2.3
45.74	34.379	14	0.32    3.2
45.864	34.517	12.5	0.24    2.4
46.026	34.559	7.9	0.18    1.8
46.223	34.642	7.4	0.21    2.1
46.329	34.638	8.6	0.25    2.5
45.687	34.824	9.7	0.24    2.4
45.822	34.447	3.4	0.21    2.1
45.591	34.588	6.3	0.24    2.4
45.982	34.587	8.4	0.16    1.6
45.833	34.514	15.4	0.18    1.8
45.606	34.706	17	0.21    2.1
45.6	34.272	15	0.3     3
45.897	34.596	8.4	0.3     3
45.742	34.506	17.4	0.19    1.9
45.796	34.91	11.6	0.29    2.9
45.8	34.919	12	0.28    2.8
46.071	34.681	10.9	0.29    2.9
46.076	34.701	15	0.23    2.3
46.07	34.681	11.1	0.29    2.9
46.082	34.675	11.1	0.25    2.5
46.193	34.614	11	0.23    2.3
45.73	34.664	9.2	0.25    2.5
46.038	34.554	7.3	0.24    2.4
46.056	34.534	4	0.9     9
45.825	34.459	14	0.25    2.5
45.792	34.491	16.6	0.15    1.5
45.814	34.469	13.8	0.19    1.9
45.76	34.418	17.2	0.22    2.2
45.698	34.631	18.8	0.21    2.1
46.304	34.667	11.4	0.22    2.2
45.604	34.678	13.9	0.29    2.9
45.624	34.668	13.3	0.29    2.9
46.115	34.68	9.7	0.31    3.1
45.806	35.129	12.2	0.26    2.6
45.66	34.57	28.4	0.16    1.6
45.602	34.609	18.7	0.22    2.2
45.87	34.48	12	0.18    1.8
45.713	34.807	10.6	0.19    1.9
46.066	34.607	12.7	0.46    4.6
45.848	34.926	15	0.32    3.2
46.061	34.605	12.8	0.25    2.5
45.788	34.483	15	0.27    2.7
45.783	34.395	13.7	0.26    2.6
45.698	34.505	13.5	0.25    2.5
45.47	34.66	17.3	0.23    2.3
46.055	34.606	12.3	0.24    2.4
46.194	34.646	5.6	0.32    3.2
45.737	34.863	8.8	0.25    2.5
46.062	34.606	12.4	0.32    3.2
45.635	34.543	20.9	0.34    3.4
46.426	35.369	10.9	0.34    3.4
45.259	34.644	4.4	0.29    2.9
45.257	34.64	21.9	0.39    3.9
45.756	35.096	17.1	0.31    3.1
45.824	34.794	15.2	0.18    1.8
46.299	34.608	16.6	0.27    2.7
46.072	34.62	8.1	0.28    2.8
45.785	34.449	13	0.2     2
45.779	34.818	7.6	0.34    3.4
45.785	34.813	6.2	0.47    4.7
45.786	34.813	7.8	0.38    3.8
46.094	34.559	10.6	0.22    2.2
45.749	34.472	18.1	0.26    2.6
45.659	34.643	15	0.29    2.9
45.9	34.45	18.9	0.15    1.5
45.735	34.561	13.9	0.19    1.9
45.773	34.751	10.6	0.22    2.2
45.794	34.757	11.1	0.41    4.1
45.77	34.897	9.2	0.3     3
45.863	35.107	10.8	0.29    2.9
45.482	34.786	15.7	0.19    1.9
45.609	34.624	20	0.23    2.3
45.706	34.603	13.8	0.15    1.5
45.876	34.498	13.5	0.27    2.7
45.674	34.849	12.4	0.26    2.6
45.504	34.743	15.7	0.23    2.3
45.77	34.54	15.3	0.27    2.7
45.774	34.792	13.4	0.2     2
45.708	34.783	13.2	0.27    2.7
46.026	34.586	3.5	0.22    2.2
46.195	34.894	10	0.41    4.1
46.185	34.884	10.3	0.33    3.3
45.653	34.6	18.7	0.27    2.7
45.875	34.501	14.3	0.36    3.6
45.628	34.544	21.7	0.26    2.6
45.986	34.658	7.8	0.21    2.1
45.609	34.554	15	0.23    2.3
45.737	34.462	16.7	0.45    4.5
45.776	34.462	15.6	0.3     3
46.253	34.665	12.2	0.47    4.7
46.253	34.658	8.3	0.29    2.9
46.259	34.668	7.2	0.29    2.9
46.251	34.671	9.9	0.37    3.7
46.249	34.659	7.3	0.22    2.2
45.749	34.463	15.8	0.17    1.7
45.757	34.461	16.6	0.19    1.9
45.719	34.457	15.9	0.23    2.3
45.872	34.602	6.6	0.23    2.3
46.264	34.655	8	0.21    2.1
45.866	34.505	13.7	0.26    2.6
46.244	34.661	7	0.29    2.9
45.75	34.576	16.5	0.48    4.8
46.254	34.653	7.4	0.24    2.4
45.76	34.478	14.2	0.2     2
45.977	34.617	7.3	0.26    2.6
45.587	34.672	10.8	0.32    3.2
46.106	34.556	10.4	0.26    2.6
46.32	34.647	8.5	0.34    3.4
46.018	34.62	8.2	0.22    2.2
46.016	34.617	8.6	0.24    2.4
46.243	34.648	6.9	0.31    3.1
45.863	34.506	5	0.25    2.5
45.795	34.791	11.8	0.21    2.1
45.594	34.573	12.7	0.23    2.3
45.706	34.955	15	0.28    2.8
45.772	34.522	15	0.21    2.1
45.657	34.59	17.9	0.23    2.3
45.637	34.628	6.7	0.26    2.6
46.465	34.96	5.3	0.28    2.8
46.062	34.599	11.7	0.18    1.8
45.723	34.611	10.7	0.16    1.6
45.95	34.591	12.4	0.21    2.1
45.726	35.003	9.7	0.29    2.9
46.259	34.661	7.6	0.44    4.4
46.243	34.657	9.8	0.25    2.5
46.248	34.66	6.6	0.3     3
45.892	34.588	8.3	0.2     2
45.871	34.596	9.3	0.31    3.1
45.902	34.617	7.9	0.25    2.5
45.862	34.381	12.4	0.31    3.1
45.918	34.699	20.7	0.27    2.7
45.743	34.47	16.6	0.32    3.2
45.876	34.48	15.4	0.19    1.9
46.332	34.656	4.9	0.25    2.5
45.887	34.482	13.1	0.28    2.8
46.414	34.612	10.1	0.24    2.4
46.038	34.554	10.9	0.25    2.5
45.859	34.529	12.5	0.21    2.1
46.237	34.65	6.3	0.22    2.2
46.057	34.604	11.7	0.2     2
46.24	34.651	8.1	0.23    2.3
46.294	34.482	16.7	0.34    3.4
46.01	33.898	15	0.21    2.1
45.818	34.501	12.9	0.26    2.6
46.093	34.561	10.1	0.17    1.7
46.101	34.56	10.6	0.23    2.3
46.304	34.476	15.9	0.32    3.2
46.105	34.558	10	0.26    2.6
46.074	34.558	2.4	0.17    1.7
46.099	34.559	9.6	0.27    2.7
46.318	34.653	7.3	0.43    4.3
46.115	34.553	11.5	0.19    1.9
45.752	34.617	25.8	0.21    2.1
46.089	34.563	9.6	0.2     2
46.096	34.561	10.6	0.26    2.6
45.514	34.752	15	0.24    2.4
45.947	34.516	11	0.22    2.2
46.251	34.6	10.1	0.28    2.8
46.194	34.765	13	0.32    3.2
45.844	34.931	17.2	0.43    4.3
46.147	34.577	5.3	0.29    2.9
45.87	34.917	17.6	0.27    2.7
46.246	34.957	6.5	0.31    3.1
46.109	34.557	12.6	0.22    2.2
45.949	34.639	10.9	0.21    2.1
46.064	34.565	8.7	0.21    2.1
46.073	34.551	7.5	0.16    1.6
46.241	34.65	10.7	0.27    2.7
46.016	34.622	6.1	0.17    1.7
46.065	34.609	13.1	0.33    3.3
45.564	34.762	14.3	0.26    2.6
45.773	34.595	15.5	0.21    2.1
46.464	34.948	8.4	0.29    2.9
46.389	34.613	12.1	0.32    3.2
45.78	34.821	4.3	0.22    2.2
45.56	34.533	17.8	0.31    3.1
45.835	34.786	15.3	0.24    2.4
45.805	34.496	9.8	0.22    2.2
46.345	34.658	5.8	0.21    2.1
45.712	34.506	14.3	0.21    2.1
45.601	34.749	7.3	0.3     3
45.699	34.628	8	0.2     2
45.645	34.637	21.1	0.24    2.4
45.776	34.439	11.5	0.27    2.7
46.068	34.551	10.6	0.2     2
45.515	34.765	11.3	0.34    3.4
45.828	34.918	17.9	0.2     2
45.819	34.452	11.5	0.2     2
45.991	34.663	9.7	0.22    2.2
45.983	34.626	7.9	0.21    2.1
45.901	34.488	19.9	0.18    1.8
46.254	34.651	8.3	0.32    3.2
46.13	34.879	2.2	0.47    4.7
46.331	34.641	6.4	0.38    3.8
45.799	34.922	13.1	0.24    2.4
45.734	34.468	16	0.23    2.3
46.234	34.772	11.6	0.25    2.5
45.773	34.429	17.9	0.25    2.5
46.169	34.753	5.6	0.17    1.7
46.176	34.511	11.9	0.22    2.2
45.76	34.967	11.4	0.25    2.5
46.165	34.497	8.3	0.23    2.3
46.172	34.506	12.5	0.23    2.3
45.792	34.92	11.3	0.33    3.3
45.553	34.581	20.1	0.23    2.3
46.187	34.5	11.9	0.26    2.6
45.753	34.535	11.4	0.21    2.1
45.769	34.594	15.7	0.21    2.1
46.35	34.672	4.6	0.25    2.5
45.834	34.944	14	0.32    3.2
46.073	34.685	11.2	0.19    1.9
45.853	34.934	13.7	0.26    2.6
46.353	34.682	7.7	0.3     3
45.658	34.682	12.9	0.21    2.1
45.787	34.808	12.6	0.43    4.3
45.614	34.647	14.6	0.27    2.7
46.107	34.578	6.7	0.24    2.4
45.763	34.467	16.3	0.28    2.8
46.102	34.585	7.1	0.24    2.4
45.66	34.566	15	0.23    2.3
46.449	33.109	0	0.32    3.2
45.773	34.378	13.5	0.26    2.6
45.863	34.492	15.1	0.27    2.7
45.721	34.663	10.3	0.19    1.9
46.251	34.659	7.4	0.28    2.8
46.274	34.657	5.8	0.27    2.7
45.752	34.584	6.9	0.21    2.1
45.533	34.809	16.9	0.33    3.3
45.552	34.802	19.9	0.38    3.8
45.389	34.718	18.9	0.34    3.4
45.613	34.536	18.8	0.37    3.7
45.611	34.536	18.9	0.2     2
45.661	34.357	16	0.23    2.3
45.606	34.539	19	0.21    2.1
45.682	34.816	13.6	0.29    2.9
46.066	34.649	14	0.18    1.8
45.812	34.974	9.5	0.25    2.5
45.647	34.677	12	0.18    1.8
45.552	34.658	17.7	0.22    2.2
45.681	34.709	13.2	0.21    2.1
45.719	34.712	6.6	0.25    2.5
46.282	34.591	10.4	0.27    2.7
46.263	34.671	8.7	0.38    3.8
46.269	34.667	8.6	0.28    2.8
45.893	35.088	15.1	0.27    2.7
45.652	34.718	16.6	0.28    2.8
45.673	34.731	9.8	0.19    1.9
45.688	34.823	17.3	0.22    2.2
46.259	34.645	7.9	0.31    3.1
45.923	34.49	6.9	0.17    1.7
45.73	34.845	13.7	0.33    3.3
45.661	34.851	15	0.28    2.8
45.748	34.529	11.5	0.16    1.6
46.619	34.427	15	0.27    2.7
45.769	34.585	8	0.21    2.1
45.667	34.382	6.9	0.21    2.1
45.795	34.549	19.1	0.3     3
46.041	34.551	9.2	0.24    2.4
45.589	34.528	16.9	0.27    2.7
45.871	34.563	19.9	0.12    1.2
45.813	34.971	10.9	0.28    2.8
45.773	34.551	12.9	0.25    2.5
45.834	34.447	10.3	0.23    2.3
45.532	34.34	16	0.21    2.1
45.711	34.842	12.8	0.31    3.1
45.919	34.493	4.1	0.21    2.1
45.727	34.749	13.7	0.28    2.8
45.775	35.101	17.6	0.4     4
46.196	34.633	9.7	0.3     3
46.201	34.632	9.8	0.3     3
45.743	34.739	12.4	0.2     2
46.195	34.637	10.3	0.23    2.3
45.623	34.816	19.6	0.44    4.4
46.106	34.568	8.8	0.22    2.2
45.853	34.461	12.5	0.47    4.7
45.834	34.47	10	0.18    1.8
46.277	34.772	3.4	0.22    2.2
45.579	34.808	20	0.33    3.3
45.714	34.715	15	0.22    2.2
45.72	34.709	8.8	0.27    2.7
45.743	34.656	4.5	0.42    4.2
45.829	34.929	9.4	0.2     2
46.245	34.65	8.3	0.25    2.5
46.117	34.622	9.5	0.18    1.8
45.734	34.839	12.9	0.22    2.2
46.342	34.676	8.8	0.24    2.4
46.356	34.674	9.3	0.33    3.3
46.345	34.671	6.6	0.29    2.9
46.204	34.684	8.3	0.33    3.3
45.9	34.6	7.8	0.19    1.9
45.601	34.501	12.3	0.29    2.9
45.894	34.611	7	0.2     2
45.611	34.655	17.3	0.24    2.4
45.999	34.607	7.7	0.31    3.1
46.006	34.605	6.8	0.22    2.2
45.714	34.705	5.2	0.21    2.1
45.707	34.901	9.9	0.19    1.9
45.787	34.765	15	0.31    3.1
45.787	34.538	12.6	0.23    2.3
46.344	34.672	7.7	0.31    3.1
46.346	34.648	6.8	0.33    3.3
45.674	34.714	14.9	0.27    2.7
45.825	34.455	15.1	0.25    2.5
45.686	34.721	19.4	0.29    2.9
45.856	34.928	15.3	0.23    2.3
45.729	34.619	13.4	0.23    2.3
45.725	34.621	13.3	0.24    2.4
46.377	34.647	0.8	0.25    2.5
45.972	34.618	6.1	0.19    1.9
46.283	34.579	10.6	0.22    2.2
45.999	34.602	6.4	0.17    1.7
45.972	34.491	12.5	0.35    3.5
45.874	34.567	8.3	0.23    2.3
45.65	34.51	18.9	0.22    2.2
45.721	34.601	6.3	0.19    1.9
45.717	34.632	9.3	0.14    1.4
46.214	34.613	9.2	0.28    2.8
45.594	34.531	17	0.43    4.3
46.302	34.602	13.2	0.3     3
45.589	34.538	17.4	0.22    2.2
45.707	34.907	18.8	0.27    2.7
45.594	34.815	20.1	0.32    3.2
45.837	34.933	13.5	0.24    2.4
45.764	35	10	0.23    2.3
45.767	34.822	9.1	0.28    2.8
45.739	34.47	17	0.51    5.1
45.731	34.431	16.1	0.38    3.8
45.9	34.603	7.9	0.28    2.8
45.734	34.47	15.2	0.25    2.5
45.765	34.455	12.1	0.3     3
45.744	34.453	15.7	0.32    3.2
45.742	34.473	17	0.23    2.3
45.727	34.462	17.7	0.3     3
46.155	34.335	10.4	0.34    3.4
45.918	34.405	13.6	0.23    2.3
45.878	34.607	7.3	0.18    1.8
45.724	34.468	16.3	0.28    2.8
45.729	34.383	15.6	0.27    2.7
45.748	34.431	13.5	0.18    1.8
45.733	34.437	16.1	0.2     2
45.734	34.396	12.4	0.23    2.3
45.73	34.439	12.3	0.2     2
45.769	34.396	13.3	0.44    4.4
45.696	34.4	13.9	0.25    2.5
45.545	34.527	20.3	0.23    2.3
45.756	34.429	10	0.35    3.5
45.57	34.689	12.3	0.28    2.8
45.774	34.404	13.6	0.23    2.3
45.75	34.431	14.1	0.26    2.6
45.756	34.391	16.8	0.3     3
45.529	34.54	20	0.26    2.6
45.635	34.87	13.8	0.33    3.3
45.723	34.427	12	0.23    2.3
