   #Date       Time       lat.     long.   depth  Mn   residue
2017-11-12 17:35:37.274 34.87804 45.84351 19.659 4.40 0.786
2017-11-12 18:18:17.261 34.86795 45.86604 17.760 7.30 0.556
2017-11-12 18:29:54.858 34.75936 45.65503 14.529 4.50 0.415
2017-11-12 18:34:55.607 34.65798 45.86752 12.643 4.10 0.241
2017-11-12 18:48:56.490 34.56048 45.82366 8.620 3.50 0.126
2017-11-12 18:52:14.132 34.51858 45.89849 2.001 3.70 0.161
2017-11-12 19:06:37.967 34.57624 45.89330 12.531 3.70 0.552
2017-11-12 19:10:30.945 34.32078 45.99185 2.001 3.50 0.346
2017-11-12 19:20:16.859 35.02964 45.99648 9.727 3.30 0.305
2017-11-12 19:25:43.857 34.97613 45.89041 6.218 3.70 0.208
2017-11-12 19:28:18.896 34.54080 46.26727 2.002 3.50 0.312
2017-11-12 19:42:19.781 34.53369 45.85386 2.000 3.40 0.705
2017-11-12 19:54:11.710 34.70784 45.71737 14.003 4.10 0.749
2017-11-12 20:01:50.190 34.58934 45.75734 4.393 3.60 0.298
2017-11-12 20:03:52.858 34.70933 46.31540 10.508 3.10 0.575
2017-11-12 20:28:06.186 34.63402 45.34492 29.997 3.40 0.890
2017-11-12 20:32:18.771 34.61274 45.85387 11.991 3.60 0.252
2017-11-12 20:42:46.434 34.48730 45.87282 15.999 4.00 0.872
2017-11-12 20:44:06.134 34.51701 45.47063 20.080 3.90 0.407
2017-11-12 21:01:34.977 34.02151 46.13263 19.242 3.30 0.532
2017-11-12 21:05:48.876 35.07736 45.90718 7.522 3.40 0.282
2017-11-12 21:16:20.200 34.59194 45.83526 10.407 4.10 0.862
2017-11-12 21:33:23.246 34.59370 45.81655 7.008 4.50 0.608
2017-11-12 21:40:57.619 34.69352 45.66913 2.002 3.10 0.532
2017-11-12 21:42:38.205 34.60743 45.82050 3.253 3.20 0.127
2017-11-12 22:09:12.659 34.95694 45.92190 2.001 3.40 0.546
2017-11-12 22:11:35.605 35.05517 45.82304 8.780 4.00 0.372
2017-11-12 22:12:20.756 34.95020 45.80242 3.401 4.10 0.509
2017-11-12 22:13:58.943 34.82110 45.84969 12.189 3.40 0.449
2017-11-12 22:25:35.783 34.89587 45.89804 8.001 3.20 0.171
2017-11-12 22:31:01.763 34.62077 45.65745 7.432 4.50 0.571
2017-11-12 22:38:38.593 34.53151 45.87008 7.157 3.20 0.350
2017-11-12 22:40:05.654 34.88156 45.77064 9.559 3.30 0.383
2017-11-12 22:53:59.105 34.70393 45.79360 6.002 3.30 0.340
2017-11-12 23:37:22.470 34.61456 46.10186 7.323 4.10 0.542
2017-11-13 00:09:49.961 34.61455 45.62973 2.005 3.70 0.495
2017-11-13 00:20:52.997 34.59365 45.74936 15.585 4.60 0.000
2017-11-13 00:38:11.616 35.02573 45.77230 6.913 3.50 0.456
2017-11-13 01:10:30.124 34.84181 45.65528 15.999 3.40 0.439
2017-11-13 01:16:45.707 34.98427 45.91154 7.270 3.20 0.535
2017-11-13 01:28:37.131 34.53991 45.69337 17.032 3.20 0.225
2017-11-13 01:29:59.751 34.37220 45.75251 14.617 3.40 0.439
2017-11-13 01:51:22.464 35.09504 45.98451 6.118 3.10 0.145
2017-11-13 02:19:33.806 34.60018 45.63478 11.834 3.40 0.600
2017-11-13 02:44:11.956 34.41534 45.77437 11.456 3.30 0.454
2017-11-13 03:14:38.007 34.96059 45.83310 9.289 4.00 0.304
2017-11-13 03:52:10.608 34.68539 45.86718 8.133 3.30 0.548
2017-11-13 04:27:57.295 34.45385 45.80337 16.003 4.80 0.417
2017-11-13 04:36:13.828 34.41606 45.80639 7.123 4.30 0.233
2017-11-13 04:41:44.757 35.01535 45.91761 15.596 3.80 0.558
2017-11-13 04:54:57.599 34.60481 45.79906 10.753 3.60 0.383
2017-11-13 05:04:24.239 34.51449 45.78999 2.938 4.20 0.224
2017-11-13 05:36:40.435 34.59765 45.80107 7.029 3.50 0.647
2017-11-13 05:52:57.030 34.51707 45.70243 5.999 3.70 0.356
2017-11-13 06:05:37.465 35.02062 45.82923 6.002 3.20 0.107
2017-11-13 06:29:17.620 34.95921 45.82011 2.001 3.40 0.000
2017-11-13 07:20:50.929 35.33489 45.34775 19.639 3.30 1.254
2017-11-13 07:27:09.908 35.32528 45.20315 4.844 3.10 0.221
2017-11-13 07:58:56.794 34.84825 45.80283 2.002 3.30 0.069
2017-11-13 08:28:53.052 34.54895 45.59722 12.311 4.40 0.414
2017-11-13 09:14:57.404 34.75690 45.79987 5.549 3.70 0.588
2017-11-13 09:19:29.608 34.44648 45.73360 16.001 4.70 0.548
2017-11-13 10:22:31.802 34.81039 45.77327 9.303 3.20 0.862
2017-11-13 10:43:54.445 34.08240 46.22372 2.001 4.30 0.308
2017-11-13 11:08:27.664 34.42355 45.85712 2.002 3.70 0.114
2017-11-13 12:39:07.706 34.64834 45.79369 10.000 3.20 0.452
2017-11-13 13:02:36.944 34.67514 46.17060 10.332 3.10 0.417
2017-11-13 13:12:38.421 34.46464 45.74798 7.997 4.50 0.304
2017-11-13 13:19:18.714 34.88227 45.84882 2.895 3.10 0.000
2017-11-13 13:40:03.293 35.32177 45.34111 7.998 3.60 0.372
2017-11-13 13:56:41.983 34.62724 46.15627 11.633 3.10 0.736
2017-11-13 14:01:50.307 34.82209 45.82070 6.857 3.80 0.325
2017-11-13 15:00:45.824 34.39490 45.64489 8.000 4.40 0.406
2017-11-13 15:11:16.247 34.38955 45.56401 10.374 3.80 0.345
2017-11-13 15:36:49.762 34.51674 45.78472 17.360 3.80 0.248
2017-11-13 17:45:01.129 34.43714 45.81044 6.756 3.10 0.418
2017-11-13 18:09:34.162 34.59021 45.77938 7.791 3.30 0.504
2017-11-13 20:00:30.788 34.75122 45.66336 29.856 3.80 0.229
2017-11-13 20:20:01.991 34.78883 45.63238 14.500 3.10 0.215
2017-11-13 20:23:34.425 34.75783 45.64965 10.000 3.40 0.607
2017-11-13 20:30:18.712 34.76422 45.63260 9.997 3.10 0.195
2017-11-13 20:39:08.267 34.62641 46.31453 4.397 3.20 0.357
2017-11-13 20:51:43.631 34.58998 45.77146 7.999 3.80 0.398
2017-11-13 20:56:30.104 34.65139 45.63596 7.958 4.10 0.471
2017-11-13 21:59:29.951 34.43111 45.82233 7.400 3.10 0.239
2017-11-13 22:35:17.521 34.64436 46.12975 5.688 3.20 0.318
2017-11-14 00:06:37.392 34.55261 45.76555 2.576 4.00 0.483
2017-11-14 01:08:47.021 34.47464 45.92546 10.853 4.10 0.585
2017-11-14 01:45:48.306 34.47120 45.77245 2.002 4.10 0.470
2017-11-14 03:10:17.634 34.63020 45.71957 2.001 3.20 0.275
2017-11-14 03:38:16.900 34.96827 45.89314 8.428 3.10 0.000
2017-11-14 04:47:59.304 34.44243 45.81192 7.146 3.40 0.515
2017-11-14 05:03:05.145 34.59954 45.76664 4.346 3.40 0.471
2017-11-14 07:35:46.487 34.58252 45.75068 7.325 4.00 0.348
2017-11-14 08:19:33.201 34.52782 45.74717 6.959 3.40 0.330
2017-11-14 08:46:16.720 34.40873 45.80250 2.001 3.80 0.328
2017-11-14 10:11:16.008 34.70343 46.25211 6.000 3.60 0.449
2017-11-14 10:15:45.942 34.74154 46.20238 9.479 3.10 0.361
2017-11-14 12:35:58.446 34.59975 45.72976 5.857 3.10 0.356
2017-11-14 12:44:31.803 34.45543 45.83149 8.129 3.10 0.266
2017-11-14 15:16:05.836 34.58141 45.70795 7.167 4.20 0.000
2017-11-14 16:12:47.950 34.65707 45.62522 2.003 3.80 0.377
2017-11-14 17:23:16.103 34.66757 45.59218 4.822 3.30 0.999
2017-11-14 17:27:06.766 34.68133 45.57512 4.234 3.30 0.471
2017-11-14 19:56:16.357 34.55740 45.75138 5.939 3.20 0.715
2017-11-14 20:37:22.596 34.10382 46.17725 8.147 3.10 0.000
2017-11-14 21:41:12.663 34.08308 46.23161 2.001 3.50 0.363
2017-11-14 23:04:35.338 34.65446 45.80214 12.001 3.10 0.769
2017-11-15 00:44:19.627 34.51943 45.78965 2.001 3.60 0.401
2017-11-15 00:56:37.684 34.78584 45.82758 7.581 3.10 0.431
2017-11-15 03:58:34.232 34.52025 45.88760 2.001 3.20 0.067
2017-11-15 07:11:21.217 34.54224 45.85866 8.659 4.00 0.490
2017-11-15 08:59:38.745 34.65318 46.06860 12.117 3.90 0.259
2017-11-15 11:44:45.730 34.56492 45.80772 7.289 3.50 0.300
2017-11-15 15:20:38.933 34.57309 45.61279 5.998 4.20 0.261
2017-11-15 19:03:08.720 34.64806 46.08992 13.045 3.10 0.872
2017-11-15 19:26:28.952 34.51290 45.92420 2.004 3.40 0.707
2017-11-15 19:44:07.151 34.43577 45.80640 8.940 3.50 0.603
2017-11-15 19:47:44.570 34.60140 46.09589 10.181 3.60 0.248
2017-11-15 20:09:39.061 34.43743 45.79189 5.837 3.40 0.064
2017-11-15 20:15:12.796 34.48809 45.87532 2.001 3.20 0.141
2017-11-15 20:43:20.998 34.56987 45.73205 5.115 3.20 0.103
2017-11-15 23:50:14.005 34.39055 45.64874 16.000 3.20 0.400
2017-11-16 00:16:15.849 34.40962 45.59568 5.998 3.80 0.418
2017-11-16 00:38:03.426 34.39905 45.67909 16.001 3.30 0.257
2017-11-16 01:03:33.762 34.62779 46.40059 8.923 3.30 0.275
2017-11-16 01:09:19.639 34.58664 45.53548 3.997 3.80 0.301
2017-11-16 01:27:41.444 34.59847 46.35250 6.515 3.40 0.397
2017-11-16 03:55:59.887 34.63335 45.95083 29.996 3.50 0.415
2017-11-16 06:16:54.277 34.62740 46.42272 7.300 3.20 0.440
2017-11-16 07:10:37.377 34.59716 46.13151 7.156 3.50 0.356
2017-11-16 07:49:31.765 34.58789 45.79988 6.517 3.20 0.241
2017-11-16 10:15:41.846 34.74939 45.73723 8.002 3.20 0.131
2017-11-16 13:00:35.921 34.50561 45.77303 7.106 3.80 0.380
2017-11-16 13:25:10.360 34.52153 45.77820 2.865 3.20 0.424
2017-11-16 14:22:49.146 34.60778 46.27443 7.377 3.30 0.302
2017-11-16 16:07:55.431 34.44918 46.26520 5.115 3.20 0.172
2017-11-16 17:33:14.849 34.63002 46.27549 7.429 3.20 0.266
2017-11-16 22:14:00.671 34.77303 45.83040 6.001 3.10 0.658
2017-11-17 01:17:38.555 35.11106 45.83567 28.433 3.20 0.489
2017-11-17 09:27:18.271 34.32092 45.67471 24.089 3.60 0.755
2017-11-17 12:24:05.993 34.50222 45.78362 7.699 3.90 0.238
2017-11-17 14:02:53.705 34.59869 45.59106 7.849 4.20 0.527
2017-11-17 15:23:45.696 34.60944 46.30581 7.413 3.10 0.153
2017-11-17 23:43:23.420 34.62064 46.08691 9.224 3.20 0.123
2017-11-17 23:45:42.000 34.57250 46.25829 5.094 3.10 0.560
2017-11-18 01:04:41.294 34.61835 46.27747 6.000 3.40 0.267
2017-11-18 02:48:46.051 34.45803 45.77346 9.581 3.10 0.560
2017-11-18 02:52:53.737 34.59879 46.19150 8.821 3.20 0.079
2017-11-18 04:12:15.803 34.49653 45.63329 6.003 4.50 0.412
2017-11-18 06:32:28.027 34.63126 46.28366 5.817 3.40 0.396
2017-11-18 11:28:28.616 34.77476 45.63419 15.899 3.30 0.444
2017-11-18 23:05:41.915 34.39856 45.66401 6.000 3.30 0.212
2017-11-19 01:07:33.864 34.41419 45.91553 7.251 4.10 0.609
2017-11-19 01:55:02.826 34.43467 45.91552 8.001 3.10 0.331
2017-11-19 02:59:16.381 34.42825 45.90696 12.940 3.90 0.551
2017-11-19 06:19:49.187 35.19337 46.33097 2.001 4.20 0.430
2017-11-19 13:56:37.691 34.55501 45.91884 2.002 3.50 0.664
2017-11-19 14:04:59.450 34.45412 45.75466 2.005 3.50 0.251
2017-11-19 20:47:33.047 34.54968 46.19976 2.001 3.20 0.167
2017-11-19 21:01:37.499 34.76884 45.81511 3.259 3.30 0.546
2017-11-19 23:08:00.251 34.59119 46.20121 5.629 3.30 0.176
2017-11-20 04:54:28.869 34.72684 45.63695 6.541 3.50 0.555
2017-11-20 11:21:18.476 34.58906 45.83176 4.000 3.20 0.466
2017-11-20 13:13:37.243 34.99778 45.84942 2.002 3.10 0.299
2017-11-20 15:36:01.016 34.84630 45.83023 29.998 4.30 0.159
2017-11-20 15:36:56.185 34.64935 45.72658 7.250 4.50 0.156
2017-11-20 17:47:06.966 34.55196 45.67931 2.353 3.10 0.529
2017-11-21 02:25:12.377 35.07241 45.91004 5.998 3.10 0.404
2017-11-21 14:10:41.534 34.77345 45.77388 2.488 3.40 0.000
2017-11-21 17:46:21.111 34.52504 45.66419 4.267 4.00 0.502
2017-11-22 03:43:33.251 34.76477 45.75272 4.708 3.50 0.355
2017-11-22 04:13:47.106 34.41161 45.81593 5.596 3.50 0.094
2017-11-22 09:56:35.136 34.20999 45.19108 2.003 3.70 0.457
2017-11-22 11:02:17.008 34.91958 45.78236 2.002 3.20 0.656
2017-11-22 16:42:37.247 34.90181 45.75628 10.165 4.20 0.242
2017-11-22 19:12:53.021 34.57455 45.78779 9.059 3.70 0.302
2017-11-22 19:15:37.586 34.74402 45.69647 3.402 3.20 0.456
2017-11-22 19:47:14.530 34.74439 45.67341 8.794 4.20 0.313
2017-11-22 20:34:03.983 34.73297 45.64976 17.670 4.20 0.487
2017-11-23 06:12:06.566 34.47609 45.91322 6.341 3.20 0.291
2017-11-23 14:00:16.364 34.44285 45.84568 4.001 3.40 0.520
2017-11-24 07:22:40.520 34.48109 45.92081 2.343 3.30 0.173
2017-11-24 11:32:11.253 34.55605 45.79004 6.695 3.40 0.235
2017-11-24 13:38:00.572 34.57531 46.41242 2.003 3.20 0.335
2017-11-24 15:58:43.759 34.63279 46.29083 4.638 3.20 0.209
2017-11-24 17:05:52.353 34.71096 45.68460 3.295 3.40 0.357
2017-11-26 05:47:32.325 34.57234 45.82606 10.617 4.40 0.758
2017-11-26 08:41:13.938 34.58841 45.78835 6.579 3.10 0.843
2017-11-26 18:42:54.260 34.59436 45.78643 4.962 3.10 0.178
2017-11-26 23:06:38.528 34.49580 45.83210 5.999 3.30 0.182
2017-11-27 02:10:11.979 34.90575 45.87015 3.432 3.20 0.566
2017-11-27 03:00:30.276 34.77293 45.72816 5.362 3.90 0.323
2017-11-27 05:37:50.887 34.45577 45.79655 6.288 3.20 0.179
2017-11-27 07:19:29.839 34.62737 46.31349 3.128 3.20 0.315
2017-11-27 09:50:54.798 34.84451 45.91470 7.724 3.10 0.517
2017-11-27 13:11:34.266 34.82736 45.85052 5.289 3.30 0.252
2017-11-28 09:54:07.646 34.73261 45.66850 2.001 3.20 0.061
2017-11-28 13:22:27.095 35.19025 45.80622 8.001 3.90 0.501
2017-11-29 15:31:09.517 34.53177 46.19089 2.002 3.60 0.338
2017-11-30 03:23:45.809 34.58260 45.99112 2.002 3.20 0.514
2017-11-30 07:20:52.993 34.49381 45.82201 9.411 3.20 0.138
2017-11-30 22:29:16.680 34.99306 45.76435 6.000 3.90 0.833
2017-12-01 05:56:50.066 34.59663 45.82815 6.802 3.10 0.440
2017-12-01 12:12:21.826 34.77251 45.84325 3.999 3.20 0.317
2017-12-04 00:32:47.443 35.10575 45.77679 8.126 3.10 0.488
2017-12-04 06:40:30.211 34.08473 46.16265 3.385 3.40 0.269
2017-12-04 10:14:55.355 35.26485 45.72301 15.999 3.80 0.175
2017-12-06 05:53:44.771 35.12452 45.81793 8.000 4.80 0.752
2017-12-06 07:57:41.913 34.50247 45.69782 7.214 4.70 0.362
2017-12-06 08:02:07.165 34.56528 45.70813 2.001 4.10 0.232
2017-12-07 15:30:49.559 34.71210 45.68753 2.003 3.40 0.210
2017-12-07 22:28:16.145 34.64683 46.22456 11.746 3.90 0.370
2017-12-07 22:59:30.112 34.12717 45.26032 2.977 3.20 0.387
2017-12-08 01:55:01.448 35.06058 45.91233 3.258 4.30 0.407
2017-12-08 06:22:50.048 34.88874 45.83321 2.004 3.10 0.379
2017-12-08 07:39:44.217 34.39165 45.71808 2.001 4.20 0.186
2017-12-08 08:48:37.934 35.25878 45.71114 16.085 3.30 0.000
2017-12-09 02:16:33.239 34.64877 46.29276 6.130 3.30 0.072
2017-12-09 04:06:42.393 34.63660 45.70826 2.201 3.10 0.396
2017-12-09 06:40:31.937 34.59114 46.18074 3.556 3.20 0.287
2017-12-09 15:22:36.341 34.53246 45.72446 3.232 3.10 0.421
2017-12-10 18:55:04.100 34.43353 45.90228 2.002 3.20 0.238
2017-12-11 07:30:46.108 34.84071 45.87119 2.495 3.30 0.251
2017-12-11 14:09:57.611 35.06959 45.77762 13.093 5.40 0.253
2017-12-11 14:42:41.279 35.09358 45.80047 10.413 4.90 0.220
2017-12-11 22:45:11.583 34.59016 45.58629 4.001 3.30 0.409
2017-12-13 07:09:07.720 34.59605 46.22144 4.703 3.60 0.438
2017-12-13 20:54:13.713 34.96359 45.69578 3.480 3.80 0.293
2017-12-14 06:05:03.175 34.61592 46.38513 4.784 3.10 0.218
2017-12-14 09:14:23.782 34.72475 45.75599 2.001 3.40 0.331
2017-12-14 13:18:07.104 34.64332 45.40652 5.066 3.30 0.344
2017-12-14 13:26:50.058 34.64416 45.37613 3.578 4.00 0.611
2017-12-15 08:00:38.741 34.51561 45.70454 2.508 3.10 0.214
2017-12-16 03:25:01.039 35.06421 45.92576 2.001 3.40 0.310
2017-12-18 02:46:59.835 34.58895 46.08131 10.808 4.00 0.704
2017-12-18 06:35:14.907 35.19867 45.68499 5.997 3.60 0.312
2017-12-18 16:26:05.708 34.53748 45.68915 6.002 3.10 0.059
2017-12-18 19:20:27.023 34.62424 45.44650 9.251 3.80 0.443
2017-12-19 09:15:48.388 34.75696 45.85880 13.829 4.20 0.143
2017-12-19 09:42:50.950 34.74761 45.85901 4.364 3.30 0.376
2017-12-19 18:47:29.773 34.72235 45.85842 2.001 3.40 0.471
2017-12-20 10:04:09.215 34.85613 46.19250 11.025 3.40 0.249
2017-12-20 20:01:07.008 34.46910 45.81256 10.000 4.50 0.534
2017-12-20 20:22:08.157 34.64854 46.24923 5.880 4.60 0.368
2017-12-21 02:50:15.495 34.56074 45.80144 9.999 4.40 0.597
2017-12-21 07:46:17.293 34.63258 45.71968 4.002 3.50 0.247
2017-12-21 22:48:36.184 34.64523 46.24995 7.068 3.70 0.288
2017-12-22 23:20:36.788 34.51643 45.51321 7.802 3.40 0.470
2017-12-23 16:31:49.256 34.63245 46.31220 4.291 3.20 0.282
2017-12-24 06:52:24.606 34.85760 45.88892 8.143 3.80 0.447
2017-12-26 09:11:32.723 34.83619 46.14752 13.455 4.40 0.442
2017-12-26 15:32:59.933 34.61947 46.28401 2.456 3.60 0.346
2017-12-28 06:49:37.633 34.75804 45.84886 2.002 3.60 0.569
2017-12-29 13:07:36.798 34.72507 45.68085 2.001 3.10 0.387
2017-12-29 13:50:41.755 34.73088 45.66150 2.002 3.60 0.401
2017-12-29 16:29:48.621 34.69712 45.54568 2.002 4.10 0.415
2017-12-29 18:29:32.827 34.52925 45.71669 3.001 3.10 0.643
2017-12-31 22:59:51.376 35.08667 45.82546 9.484 3.20 0.000
2018-01-01 13:49:04.633 34.75124 45.65174 7.031 3.10 0.310
2018-01-01 19:54:33.590 34.62222 45.82220 2.001 3.70 0.176
2018-01-05 06:32:57.978 34.52739 45.69624 4.057 4.00 0.405
2018-01-06 15:22:08.522 34.44848 45.76448 10.002 5.00 0.375
2018-01-06 15:27:10.543 34.43037 45.77452 5.684 8.40 0.434
2018-01-07 02:01:44.378 34.41609 45.78954 7.949 3.90 0.118
2018-01-07 02:53:17.792 34.40236 45.76686 6.350 3.30 0.155
2018-01-07 05:22:14.554 34.41121 45.78632 8.356 3.10 0.490
2018-01-07 18:23:07.150 34.79949 45.74924 2.001 3.10 0.620
2018-01-09 13:16:27.921 34.60844 46.03766 2.002 3.30 0.256
2018-01-14 14:22:48.581 35.01687 45.95807 2.001 3.20 0.385
2018-01-14 19:45:47.177 34.35437 45.80806 2.382 4.00 0.387
2018-01-15 06:58:57.587 34.65541 45.66311 2.002 3.60 0.168
2018-01-18 16:48:42.940 34.54750 45.69304 2.002 4.00 0.545
2018-01-18 22:28:26.546 34.41788 45.78011 8.001 3.20 0.288
2018-01-21 02:19:37.757 34.52655 45.50144 18.170 4.10 0.476
2018-01-21 05:45:39.411 34.49878 45.58202 15.722 4.10 0.476
2018-01-21 07:27:23.107 34.53458 45.60574 6.743 3.30 1.146
2018-01-22 13:54:34.450 34.52271 45.61642 13.532 3.20 0.132
2018-01-22 21:46:12.942 34.51506 45.85143 4.002 3.50 0.406
2018-01-22 21:48:42.770 34.52253 45.87793 3.850 3.30 0.515
2018-01-23 18:31:33.485 34.82165 45.21706 11.213 3.10 0.354
2018-01-25 03:19:14.051 34.58977 46.20444 5.998 3.90 0.060
2018-01-25 12:13:51.384 34.54490 45.56476 8.460 3.40 0.365
2018-01-28 10:13:05.783 34.83695 45.60244 4.895 3.30 0.335
2018-02-01 11:07:33.051 34.69147 45.67470 7.149 3.50 0.097
2018-02-01 20:14:50.820 34.66015 45.52194 6.000 3.80 0.551
2018-02-02 00:49:15.437 34.65265 45.56954 2.285 3.10 0.538
2018-02-02 09:42:58.810 34.78902 45.74244 6.010 4.00 0.379
2018-02-03 02:28:42.545 34.61296 46.22168 4.806 3.10 0.218
2018-02-05 02:34:25.405 34.41214 45.79347 7.504 3.10 0.317
2018-02-10 03:02:45.163 34.79078 45.84732 29.99 3.60 0.652
2018-02-16 05:56:42.142 34.55072 46.24558 7.710 3.50 0.552
2018-02-18 22:25:08.980 34.47772 45.41539 7.398 3.10 0.573
2018-02-19 11:02:01.561 34.39103 45.35502 9.972 4.30 0.409
2018-02-24 16:26:35.603 34.01307 44.99097 19.0  4.10 0.945
2018-02-28 10:29:56.619 34.06495 44.98721 10.0  3.80 0.432
2018-03-01 00:16:00.093 34.34594 45.50194 5.109 3.50 0.408
2018-03-01 06:15:40.136 34.60770 46.35133 6.374 3.80 0.559
2018-03-03 06:50:12.968 34.24061 45.97187 8.792 3.30 0.392
2018-03-03 10:18:04.632 34.67132 45.78759 2.000 3.10 0.337
2018-03-03 13:38:47.967 34.38980 45.65991 6.231 8.60 0.070
2018-03-08 04:33:16.735 34.85556 46.39574 2.002 3.30 0.911
2018-03-11 09:48:58.879 34.63349 45.47930 4.597 3.70 0.654
2018-03-11 10:16:46.048 34.59129 45.49523 8.798 6.20 0.028
2018-03-11 14:07:52.820 34.62907 45.49731 5.999 3.30 1.664
2018-03-15 09:45:33.440 34.43027 45.76442 6.349 7.20 0.908
2018-03-19 10:39:05.323 34.60126 45.43987 9.596 3.60 0.291
2018-03-19 10:41:51.249 34.64639 45.48469 2.003 3.20 0.588
2018-03-19 13:51:07.297 34.09309 46.24601 15.20 3.10 0.669
2018-03-19 13:55:04.582 34.07293 46.30305 4.000 3.30 0.251
2018-03-20 02:27:31.938 34.36037 45.75657 2.000 3.70 0.370
2018-03-21 03:13:32.514 34.41543 45.73550 2.001 3.40 0.413
2018-03-21 07:35:51.900 34.69112 45.23717 10.20 4.20 0.668
2018-03-22 06:40:02.194 34.62825 45.64391 4.407 3.50 0.217
2018-03-23 21:22:57.561 34.62968 45.50443 8.087 3.40 0.226
2018-03-28 00:27:06.866 34.50793 45.50768 15.19 4.0 0.430
2018-03-28 01:19:22.654 34.50885 45.46738 4.082 3.70 0.442
2018-03-28 01:55:34.065 34.53728 45.56573 8.606 3.70 0.547
2018-03-28 04:44:16.854 34.54481 45.43268 6.000 3.30 1.026
2018-03-28 12:10:10.103 34.53893 45.45094 5.877 3.50 0.133
2018-04-01 08:35:26.639 34.42924 45.77809 9.404 5.30 0.508
2018-04-01 10:58:07.347 34.41900 45.78841 9.330 3.30 0.430
2018-04-01 16:01:25.314 34.41109 45.78114 7.425 3.30 0.632
2018-04-02 03:03:23.886 34.41376 45.79105 9.998 4.00 0.477
2018-04-04 21:47:00.892 34.38752 45.78621 7.491 3.50 0.383
2018-04-06 17:27:23.264 34.39204 45.78304 10.00 3.10 0.586
2018-04-07 08:48:56.094 34.40060 45.79607 7.294 3.90 1.264
2018-04-21 04:12:29.852 34.62883 46.35233 6.002 3.30 0.094
2018-04-27 03:04:32.015 34.36958 45.52073 8.481 3.20 0.252
2018-04-30 22:13:37.775 34.84926 45.83363 6.503 3.90 0.125
2018-04-30 22:14:50.976 34.83592 45.83969 4.665 4.00 0.412
2018-04-30 22:25:43.092 34.86423 45.82930 6.879 3.40 0.593
2018-05-05 10:49:52.238 34.53434 45.77026 4.292 3.80 0.290
2018-05-07 16:04:09.589 34.85386 45.82880 6.320 3.70 0.458
2018-05-09 10:37:14.338 34.83789 45.72731 2.001 3.60 0.400
2018-05-09 16:34:05.269 34.85487 45.83881 7.617 3.20 0.623
2018-05-12 17:11:33.008 34.35348 45.70037 2.002 3.30 0.333
2018-05-13 09:47:39.364 34.60492 46.29311 2.253 3.20 0.177
2018-05-22 00:31:53.739 34.83573 45.84568 8.003 4.40 0.265
2018-05-22 00:36:00.897 34.84278 45.86528 4.000 6.70 0.411
2018-05-30 13:58:44.612 34.67158 45.80825 7.315 3.20 0.243
2018-06-06 00:07:06.900 34.41745 45.96936 7.016 3.90 0.347
2018-06-08 04:57:52.489 34.38937 45.64929 5.493 3.30 0.780
2018-06-23 21:37:49.721 34.43353 45.97129 2.001 4.00 0.758
2018-06-25 20:53:55.077 35.47337 46.40331 2.003 3.20 0.130
2018-06-26 17:57:04.148 34.61077 46.26020 7.290 4.80 0.370
2018-06-26 22:13:07.020 34.53946 45.69687 5.043 4.10 0.327
2018-06-26 22:22:08.292 34.53825 45.67644 4.264 3.50 0.757
2018-06-27 00:04:25.672 34.62143 46.27129 7.999 3.50 0.487
2018-06-27 19:29:20.200 34.48732 45.79807 3.199 3.30 0.277
2018-06-30 06:08:06.977 34.59714 46.17177 5.998 3.70 0.021
2018-07-01 18:04:40.117 34.59018 46.26476 7.759 3.30 0.068
2018-07-03 21:46:34.567 34.41306 45.64265 6.444 3.60 0.000
2018-07-05 08:38:45.792 34.42032 45.63573 6.161 3.40 0.631
2018-07-05 14:50:06.823 34.42654 45.63498 5.365 3.20 0.201
2018-07-05 17:16:54.386 34.42992 45.64625 8.214 3.60 0.988
2018-07-07 21:39:37.750 34.79496 45.25663 8.940 3.60 0.335
2018-07-08 10:51:32.279 34.60684 46.26432 5.638 3.30 0.153
2018-07-08 16:46:36.031 34.49759 45.91095 2.002 3.20 0.272
2018-07-12 10:32:11.725 34.60345 46.26205 8.000 3.30 0.259
2018-07-12 13:17:21.582 34.57108 45.91359 2.002 3.10 0.383
2018-07-14 17:50:16.703 34.56610 45.79962 3.410 3.30 0.570
2018-07-15 07:11:00.963 34.61419 46.25718 8.003 4.60 0.273
2018-07-15 13:40:18.224 34.92221 45.84491 11.405 3.60 0.660
2018-07-16 05:33:54.441 34.62910 46.27797 7.790 4.20 0.328
2018-07-16 05:53:19.229 34.61739 46.25863 6.447 3.50 0.169
2018-07-17 09:35:59.783 34.59630 46.26829 4.737 3.30 0.213
2018-07-17 16:41:46.708 34.65107 46.19507 2.002 3.10 0.207
2018-07-18 01:30:32.785 34.62408 46.25954 5.119 3.10 0.418
2018-07-19 09:21:20.217 34.63972 46.25241 5.999 3.30 0.342
2018-07-19 16:05:11.612 34.63013 46.24632 4.339 3.10 0.254
2018-07-22 10:07:26.178 34.62290 46.26254 15.00 5.70 0.268
2018-07-22 10:13:43.643 34.63316 46.25839 5.998 3.20 0.291
2018-07-22 10:31:28.842 34.59483 46.32790 2.001 3.10 0.424
2018-07-22 10:46:09.964 34.60154 46.24932 7.908 3.90 0.365
2018-07-22 11:11:04.681 34.61630 46.29907 5.103 3.40 0.471
2018-07-22 11:21:12.419 34.60501 46.26652 5.423 3.30 0.246
2018-07-22 11:22:09.147 34.62472 46.32499 6.254 3.30 0.216
2018-07-22 11:49:09.997 34.62799 46.30694 6.834 3.10 0.370
2018-07-22 12:41:48.408 34.60403 46.22497 3.999 3.30 0.191
2018-07-22 12:57:55.193 34.57840 46.24054 7.931 3.30 0.171
2018-07-22 14:01:50.305 34.61913 46.28836 6.187 3.10 1.084
2018-07-22 14:24:11.423 34.58612 46.23854 8.131 3.40 0.586
2018-07-22 16:19:48.983 34.62446 46.30978 7.777 3.70 0.081
2018-07-22 16:48:49.333 34.59535 46.26704 8.000 4.00 0.103
2018-07-22 18:43:35.300 34.63027 46.27398 7.615 3.10 0.000
2018-07-22 19:08:56.696 34.59850 46.23825 6.182 3.70 0.574
2018-07-22 20:08:33.999 34.64639 46.27141 6.732 3.30 0.488
2018-07-22 20:49:56.361 34.59137 46.25105 9.354 3.10 0.320
2018-07-23 00:59:49.109 34.61822 46.26481 4.880 4.40 0.171
2018-07-23 01:13:45.836 34.62925 46.26135 5.997 3.30 0.186
2018-07-23 08:47:04.876 34.61537 46.29448 4.454 3.20 0.419
2018-07-23 11:22:51.714 34.62785 46.26746 4.375 3.10 0.272
2018-07-23 16:00:22.326 34.61021 46.21090 6.570 3.40 0.253
2018-07-23 17:51:58.752 34.37592 45.59645 5.226 3.30 0.561
2018-07-24 02:34:37.313 34.63415 46.30346 7.821 3.50 0.347
2018-07-24 07:37:40.974 34.60473 46.26880 6.275 3.30 0.182
2018-07-24 08:46:12.076 34.63751 46.31430 8.588 4.50 0.366
2018-07-24 16:27:51.968 34.64213 46.31302 8.481 3.60 0.279
2018-07-24 17:18:31.249 34.63114 46.32394 5.900 3.50 0.287
2018-07-24 19:58:31.502 34.77135 45.80046 7.599 4.40 0.500
2018-07-25 01:47:48.552 34.63243 46.31219 9.999 4.20 0.380
2018-07-26 07:30:12.298 34.62754 46.30900 6.449 3.20 0.215
2018-07-26 15:51:20.961 34.31182 45.62524 8.714 4.00 0.235
2018-07-27 04:00:33.635 34.57887 46.29365 5.471 3.60 0.188
2018-07-28 01:58:38.419 34.57624 46.29544 5.999 3.20 0.000
2018-07-29 10:33:31.174 34.60469 46.19462 3.853 3.30 0.219
2018-07-30 03:02:58.727 34.61296 46.30564 4.622 3.30 0.186
2018-07-31 00:32:03.578 34.60464 46.19899 4.416 3.30 0.194
2018-07-31 01:17:23.896 34.59929 46.25343 6.023 3.50 0.176
2018-08-01 07:48:19.228 34.59485 46.25895 5.578 3.30 0.319
2018-08-02 11:45:10.928 34.47955 45.64968 4.407 3.40 0.229
2018-08-03 07:23:53.275 34.66489 46.23700 5.676 3.10 0.298
2018-08-04 17:02:04.835 34.62614 46.33025 10.741 4.10 0.537
2018-08-05 13:59:26.726 34.62229 45.66262 2.001 3.40 0.280
2018-08-05 22:34:23.507 34.40541 45.77491 7.906 3.10 0.092
2018-08-08 13:11:42.953 34.60661 46.25278 4.912 3.50 0.555
2018-08-13 10:18:44.199 34.58975 45.79502 2.002 3.80 0.247
2018-08-15 02:32:26.035 34.60409 46.29839 4.449 3.70 0.338
2018-08-15 23:22:05.129 34.60733 46.24276 6.001 3.40 0.195
2018-08-16 06:03:09.377 34.63934 46.31211 4.766 3.20 0.324
2018-08-18 22:33:52.502 34.34895 46.09840 4.505 3.30 0.334
2018-08-19 14:57:52.871 34.61869 46.24748 8.000 3.20 0.154
2018-08-21 02:27:21.000 34.62601 46.26826 7.954 3.70 0.201
2018-08-22 16:10:20.937 35.27433 46.43443 6.002 3.30 0.143
2018-08-25 22:13:25.687 34.62335 46.21513 7.551 5.90 0.149
2018-08-25 22:40:37.887 34.60180 46.17604 7.254 3.70 0.104
2018-08-25 22:47:48.367 34.60726 46.16372 7.901 3.90 0.624
2018-08-25 23:07:24.357 34.60698 46.18467 2.904 3.10 0.614
2018-08-25 23:25:06.918 34.62172 46.23163 6.616 4.00 0.204
2018-08-25 23:27:49.703 34.60341 46.19136 3.810 3.20 0.250
2018-08-25 23:48:17.959 34.61869 46.24717 6.002 3.70 0.221
2018-08-26 00:04:47.586 34.59449 46.16406 5.996 3.10 0.000
2018-08-26 00:11:04.154 34.58152 46.20169 8.643 3.50 0.191
2018-08-26 00:21:48.309 34.61963 46.13724 4.613 3.30 0.944
2018-08-26 00:27:49.435 34.60294 46.21884 2.001 3.20 0.287
2018-08-26 00:53:51.131 34.61972 46.22782 4.262 3.90 0.192
2018-08-26 01:29:56.079 34.61330 46.23872 6.530 3.10 0.210
2018-08-26 01:44:05.018 34.59232 46.17615 2.001 3.20 0.437
2018-08-26 03:03:25.016 34.61992 46.25999 7.015 3.20 0.162
2018-08-26 03:34:27.369 34.61808 46.26701 6.461 3.30 0.199
2018-08-26 03:42:12.320 34.61929 46.16386 4.570 3.30 0.423
2018-08-26 04:17:08.159 34.62283 46.27573 7.392 3.60 0.259
2018-08-26 04:48:59.640 34.63147 46.28574 6.451 3.40 0.262
2018-08-26 05:18:29.255 34.62196 46.20649 8.610 4.00 0.079
2018-08-26 06:17:16.710 34.62519 46.29285 2.001 3.60 0.389
2018-08-26 06:54:05.040 34.61571 46.21859 6.590 3.30 0.510
2018-08-26 07:59:18.533 34.60327 46.19929 5.072 3.50 0.350
2018-08-26 08:25:03.883 34.62075 46.24535 9.547 4.00 0.000
2018-08-26 08:41:53.331 34.62289 46.18571 6.830 3.60 0.369
2018-08-26 08:59:26.617 34.62585 46.21879 5.508 3.10 0.146
2018-08-26 09:23:34.040 34.60398 46.19299 7.583 4.10 0.571
2018-08-26 12:33:29.707 34.61994 46.16077 5.392 3.70 0.049
2018-08-26 14:08:47.392 34.60850 46.23088 4.271 3.20 0.356
2018-08-26 15:01:05.861 34.62356 46.21426 7.997 3.20 0.102
2018-08-26 15:31:30.219 34.58360 46.18986 5.713 3.10 0.436
2018-08-26 15:51:41.577 34.62829 46.23183 7.212 3.70 0.147
2018-08-26 17:38:41.282 34.61199 46.20193 6.000 3.80 0.155
2018-08-26 17:58:07.002 34.62059 46.30838 5.425 3.60 0.579
2018-08-26 18:44:45.293 34.60032 46.17922 6.001 3.80 0.000
2018-08-26 19:30:50.530 34.58620 46.19173 7.965 3.40 0.125
2018-08-26 20:20:15.271 34.61202 46.17810 7.111 3.10 0.038
2018-08-27 01:52:56.245 34.60020 46.21747 4.113 3.60 0.673
2018-08-27 04:25:17.744 34.57975 46.15814 2.442 3.40 0.118
2018-08-27 05:16:53.112 34.60613 46.25110 5.672 3.50 0.208
2018-08-27 15:28:40.520 34.59785 46.23169 8.001 3.70 0.790
2018-08-27 20:24:08.139 34.62808 46.28965 7.330 3.50 0.227
2018-08-28 02:10:54.481 34.59400 46.21062 5.365 3.40 0.422
2018-08-28 03:43:05.358 34.60370 46.20545 8.296 3.40 0.362
2018-08-28 10:26:57.427 34.61056 46.26035 6.080 3.50 0.238
2018-08-28 16:01:04.047 34.61377 46.22392 6.676 3.30 0.770
2018-08-29 05:34:36.296 34.61739 46.28584 6.921 4.60 0.090
2018-08-29 17:43:55.616 34.60463 46.25027 8.004 3.20 0.690
2018-08-29 18:55:41.914 34.60743 46.19196 4.341 3.80 0.085
2018-08-30 01:10:04.056 34.65942 46.30985 6.786 3.80 0.336
2018-08-30 10:11:07.351 34.63083 46.23152 4.994 3.30 0.306
2018-08-30 21:24:20.695 34.61591 46.30501 2.749 3.10 0.135
2018-08-31 00:28:32.257 34.62143 46.19464 6.915 3.10 0.088
2018-08-31 21:05:43.897 34.61100 46.11594 5.034 4.90 0.236
2018-09-01 05:31:12.124 34.38057 45.61778 8.388 4.50 0.291
2018-09-02 22:26:45.089 34.62803 46.29083 5.782 3.70 0.242
2018-09-03 08:25:21.923 34.39538 45.68584 8.612 3.70 0.056
2018-09-05 20:30:51.715 34.60693 46.18494 6.722 3.40 0.610
2018-09-05 22:08:04.736 34.63993 46.34299 2.740 3.10 0.452
2018-09-08 04:04:21.376 34.44486 45.73653 2.001 3.10 0.381
2018-09-08 17:50:25.346 34.64515 46.33673 6.002 3.40 0.296
2018-09-09 23:53:55.778 34.45090 45.76848 6.822 4.00 0.132
2018-09-10 02:53:47.409 34.67397 46.32154 7.682 3.50 0.637
2018-09-10 10:56:53.788 34.49903 45.99261 2.002 3.60 0.183
2018-09-10 22:28:00.344 34.62252 46.23070 5.689 3.40 0.406
2018-09-11 00:24:16.967 34.64248 46.31215 2.056 3.20 0.269
2018-09-12 01:10:54.114 34.63253 46.24483 4.405 3.10 0.348
2018-09-12 02:45:54.330 34.66250 46.31734 9.034 3.10 0.571
2018-09-12 06:56:45.680 35.15079 45.92765 2.001 3.10 0.215
2018-09-13 17:05:10.896 34.61200 46.17835 7.226 4.10 0.095
2018-09-16 15:03:44.571 35.41888 45.43581 29.999 3.70 0.268
2018-09-16 16:42:14.523 34.56717 46.11226 2.744 3.20 0.268
2018-09-17 09:26:21.197 35.42552 45.45308 2.002 3.20 0.875
2018-09-20 12:57:44.990 34.58989 46.23039 7.162 3.40 0.362
2018-09-20 17:41:31.282 34.63808 46.22673 5.499 3.20 0.355
2018-09-22 21:46:19.406 35.02865 45.61303 29.997 3.30 0.163
2018-09-24 18:11:24.385 34.63149 46.30254 8.504 3.40 0.135
2018-09-24 18:36:22.199 34.58147 46.17520 6.003 3.30 0.158
2018-09-27 22:04:42.769 34.58753 46.16596 6.936 3.50 0.286
2018-09-28 11:25:37.638 34.63608 46.22836 2.708 3.70 0.227
2018-09-30 23:49:24.804 34.60535 46.25018 9.306 4.40 0.193
2018-10-01 20:20:49.527 34.57662 46.17251 5.620 3.30 0.466
2018-10-02 09:34:07.953 34.43266 45.89167 7.592 3.10 0.280
2018-10-05 16:17:21.441 34.58731 46.28426 3.440 3.30 0.195
2018-10-09 09:42:18.609 34.67064 45.56536 6.001 3.10 0.111
2018-10-13 19:20:55.308 34.44617 45.81851 6.785 3.50 0.258
2018-10-15 00:34:28.080 34.60904 46.24771 5.507 3.10 0.517
2018-10-16 11:18:30.235 34.65273 45.55214 5.998 3.40 0.540
2018-10-17 03:16:56.776 34.48161 45.60354 7.077 4.80 0.103
2018-10-18 01:04:54.399 35.28593 46.26464 2.004 3.10 0.036
2018-10-18 13:08:08.607 34.61263 46.24747 4.838 3.20 0.174
2018-10-20 11:33:36.811 34.63665 46.17849 4.312 3.70 0.183
2018-10-20 23:50:43.444 34.64198 46.25722 6.753 3.10 0.657
2018-10-28 07:01:45.822 34.60825 46.26447 6.705 3.50 0.380
2018-11-01 15:30:46.687 34.33606 45.77540 2.001 3.10 0.808
2018-11-02 13:08:09.742 34.53637 46.32061 2.001 3.10 0.409
2018-11-05 20:32:08.440 34.61816 46.28173 8.624 4.40 0.356
2018-11-15 19:45:03.944 34.63197 46.30952 7.270 3.80 0.300
2018-11-17 15:45:08.643 34.50300 45.39502 12.327 3.30 0.000
2018-11-17 19:19:04.925 34.60051 46.28329 5.182 4.10 0.580
2018-11-19 22:37:42.048 34.56009 46.12961 2.002 4.00 0.950
2018-11-21 07:47:03.488 34.54850 45.79162 3.772 6.50 0.460
2018-11-23 13:03:30.671 34.63286 45.52771 9.317 6.50 0.153
2018-11-25 13:46:59.256 34.36086 45.71226 5.869 5.0  0.306
2018-11-25 16:37:32.885 34.38148 45.70715 6.537 16.4 0.320
2018-11-25 16:41:09.575 34.26809 45.53636 8.275 4.40 0.312
2018-11-25 17:01:47.296 34.32962 45.67561 2.898 3.70 0.299
2018-11-25 17:09:37.107 34.35606 45.65516 6.846 5.20 0.797
2018-11-25 17:21:06.263 34.35571 45.66567 2.003 4.00 0.284
2018-11-25 17:26:58.506 34.24498 45.53382 5.506 4.00 0.235
2018-11-25 17:27:50.935 34.37551 45.68140 2.003 3.70 0.203
2018-11-25 17:31:20.320 34.38557 45.74425 4.163 4.00 0.587
2018-11-25 17:35:31.514 34.38054 45.64037 5.131 3.10 0.777
2018-11-25 17:45:33.219 34.29262 45.62848 6.445 3.10 0.286
2018-11-25 17:46:57.861 34.21967 45.60566 3.929 3.20 0.344
2018-11-25 17:48:11.706 34.22328 45.62148 2.379 3.40 0.637
2018-11-25 17:55:17.227 34.30260 45.64916 4.219 3.40 0.263
2018-11-25 17:59:30.075 34.33179 45.68319 8.572 3.60 0.342
2018-11-25 18:01:18.646 34.26440 45.65702 2.001 3.20 0.505
2018-11-25 18:34:39.044 34.17586 45.61950 6.003 3.40 0.683
2018-11-25 18:44:30.592 34.32224 45.62871 7.556 3.40 0.226
2018-11-25 19:28:00.114 34.16559 45.55471 2.002 3.20 0.509
2018-11-25 19:29:19.980 34.37965 45.71728 2.001 3.10 0.437
2018-11-25 20:39:02.970 34.16715 45.63242 2.003 3.10 0.341
2018-11-25 20:42:42.116 34.16864 45.60265 8.070 4.30 0.261
2018-11-25 20:55:33.082 34.37614 45.67023 2.002 3.30 0.308
2018-11-25 20:56:38.809 34.17146 45.58078 7.998 4.10 1.197
2018-11-25 21:58:46.761 34.33512 45.64842 2.002 3.60 0.251
2018-11-25 22:17:00.281 34.19862 45.65975 2.002 3.40 0.593
2018-11-25 22:22:56.691 34.20169 45.66590 2.005 3.20 0.848
2018-11-25 22:28:20.220 34.26379 45.59138 9.666 3.80 0.303
2018-11-25 23:00:47.453 34.25682 45.66913 3.229 4.70 0.253
2018-11-26 00:11:00.049 34.32178 45.63829 6.000 3.40 0.346
2018-11-26 00:38:36.788 34.37834 45.71177 6.835 5.30 0.338
2018-11-26 00:41:59.772 34.38270 45.76520 2.513 3.30 0.376
2018-11-26 01:07:13.640 34.31260 45.66450 6.995 3.10 0.432
2018-11-26 01:19:42.931 34.35446 45.67014 6.534 4.60 0.035
2018-11-26 10:44:37.549 34.20728 45.58247 3.962 3.20 0.719
2018-11-26 12:49:14.361 34.21262 45.56379 8.001 3.10 0.327
2018-11-26 18:16:49.067 34.31124 45.66606 3.678 3.60 0.285
2018-11-26 18:42:58.394 34.38110 45.64970 4.757 3.10 0.364
2018-11-26 20:20:48.208 34.22886 45.62461 2.001 3.30 0.463
2018-11-27 06:14:52.659 34.37692 45.76087 8.002 3.20 0.667
2018-11-27 06:36:34.913 34.37275 45.68757 7.588 4.30 0.414
2018-11-27 09:37:19.349 34.31332 45.64780 8.002 3.50 0.451
2018-11-27 11:11:46.901 34.21326 45.60955 4.451 3.80 0.556
2018-11-27 12:05:55.431 34.23000 45.58062 4.278 3.50 0.433
2018-11-27 13:03:06.308 34.30199 45.62829 10.662 3.10 0.269
2018-11-27 14:04:46.495 34.38071 45.69779 7.633 3.10 0.113
2018-11-27 20:59:02.611 34.21338 45.56779 8.001 3.30 0.466
2018-11-27 23:50:12.024 34.32585 45.68954 5.717 4.10 0.270
2018-11-28 07:07:07.478 34.30670 45.59726 12.535 3.20 0.210
2018-11-28 14:10:53.979 34.43506 45.75025 8.004 3.10 0.171
2018-11-29 04:18:04.338 34.36842 45.69177 8.345 3.30 0.038
2018-11-29 13:16:23.699 34.18185 45.66356 6.959 4.20 0.182
2018-11-30 06:46:34.576 34.18102 45.60092 6.000 3.70 0.283
2018-11-30 08:28:20.374 34.20370 45.57261 9.164 3.60 0.102
2018-12-01 02:13:43.186 34.37033 45.73846 10.833 3.70 0.535
2018-12-01 18:39:49.178 34.24297 45.59686 6.701 3.20 0.344
2018-12-04 15:31:27.657 34.35126 45.70404 2.002 3.10 0.251
2018-12-04 17:23:18.032 34.16212 45.60724 7.042 3.80 0.302
2018-12-04 17:32:32.439 34.15626 45.57076 10.488 3.70 0.204
2018-12-06 06:15:06.484 34.33196 45.63286 7.996 3.60 0.204
2018-12-09 03:24:11.883 34.35467 45.73428 4.810 4.50 0.501
2018-12-23 02:48:29.877 34.41967 45.46612 7.626 3.20 0.368
2018-12-26 01:28:46.257 34.31249 45.60970 8.127 3.50 0.477
2018-12-27 22:57:03.742 34.47844 45.70570 4.578 4.00 0.254
2019-01-04 09:39:09.982 34.32825 45.59399 8.999 3.30 0.345
2019-01-04 17:17:34.898 34.34541 45.64476 2.992 3.90 0.507
2019-01-04 22:01:17.592 34.28164 45.57114 4.909 3.90 0.192
2019-01-05 19:19:09.633 34.61048 46.22060 8.558 3.90 0.261
2019-01-06 13:42:00.212 34.16101 45.65665 7.545 5.80 0.213
2019-01-06 13:46:49.326 34.15139 45.59672 2.652 4.20 0.175
2019-01-06 13:54:22.855 34.24019 45.64632 7.998 3.80 0.777
2019-01-06 13:55:08.028 34.17165 45.60950 2.002 4.30 0.246
2019-01-06 14:03:56.091 34.14638 45.62828 3.210 3.40 0.431
2019-01-06 14:07:29.907 34.22201 45.58581 8.002 3.30 0.159
2019-01-06 14:15:09.292 34.10760 45.63684 9.017 4.70 0.557
2019-01-06 14:22:30.498 34.11352 45.56606 4.002 3.60 0.119
2019-01-06 14:29:26.202 34.14330 45.63346 2.601 4.10 0.435
2019-01-06 14:52:24.496 34.20310 45.61887 4.681 3.40 0.483
2019-01-06 15:05:26.311 34.12473 45.55136 4.211 3.10 0.565
2019-01-06 18:00:23.290 34.07431 45.51214 2.001 3.10 0.532
2019-01-06 21:09:31.351 34.12312 45.55301 5.663 3.10 0.951
2019-01-07 00:00:44.740 34.12840 45.58896 2.944 3.10 0.516
2019-01-07 18:47:14.950 34.12375 45.57864 2.741 3.10 0.491
2019-01-09 12:13:33.492 34.10128 45.58564 2.001 3.50 0.306
2019-01-09 14:48:00.439 34.11702 45.60680 4.531 3.40 0.560
2019-01-14 18:17:59.592 34.12333 45.59264 4.321 4.50 0.798
2019-01-15 00:56:22.138 34.08804 45.56865 7.471 4.00 0.217
2019-01-15 05:56:47.792 34.15536 45.54780 5.999 3.80 0.412
2019-01-15 10:26:28.853 34.63927 45.50062 6.003 3.60 0.347
2019-01-15 17:07:01.649 34.12226 45.59676 8.334 4.00 0.213
2019-01-16 00:50:01.405 34.62300 45.48037 14.813 3.30 0.505
2019-01-17 10:10:58.965 34.59075 46.28607 2.001 3.20 0.389
2019-01-18 19:31:44.126 34.15071 45.61243 5.147 3.60 0.482
2019-01-18 23:56:41.926 34.17181 45.57467 8.390 3.60 0.361
2019-01-20 10:31:12.813 34.14253 45.60733 2.879 3.20 0.356
2019-01-21 01:08:22.589 34.52896 45.51061 9.057 3.10 0.152
2019-01-23 05:04:04.540 34.32607 45.64410 6.864 3.50 0.096
2019-01-23 09:45:20.513 34.24416 45.61853 5.484 3.60 0.239
2019-01-23 14:52:16.585 34.27972 45.68166 3.384 3.80 0.198
2019-01-24 05:53:19.589 34.13470 45.61521 2.975 3.30 0.713
2019-01-29 05:18:27.505 34.55825 45.16420 29.996 3.90 1.159
2019-01-29 05:29:56.331 34.51655 45.04717 2.000 3.40 0.351
2019-01-29 05:47:01.071 34.58105 45.18339 10.000 3.40 0.278
2019-01-29 05:51:35.054 34.59213 45.23449 7.245 3.30 0.206
2019-01-29 06:00:25.897 34.45396 45.19536 29.999 3.50 0.318
2019-01-29 06:02:40.138 34.58110 45.27742 2.606 3.60 0.145
2019-01-29 06:07:19.840 34.54829 45.06956 6.001 3.20 0.517
2019-02-01 19:13:26.647 34.87592 45.89864 13.731 3.40 0.465
2019-02-03 01:00:24.159 34.17977 45.62776 4.330 3.40 0.464
2019-02-05 19:21:29.693 34.20642 45.52034 2.001 3.20 0.537
2019-02-06 14:34:44.327 34.52591 46.06703 2.001 3.60 0.449
2019-02-06 23:08:25.391 34.09899 45.51320 2.073 3.30 0.119
2019-02-07 05:37:14.535 34.24754 45.68361 2.002 3.70 0.435
2019-02-07 23:22:38.602 34.55038 45.18309 6.175 4.10 0.266
2019-02-16 06:01:21.070 34.66164 45.65857 2.002 3.40 0.231
2019-02-21 09:01:36.420 34.86193 46.07497 4.049 4.20 0.265
2019-03-09 07:58:08.583 34.61564 46.28356 7.969 3.40 1.069
2019-03-12 12:05:17.995 34.20973 45.53943 6.399 3.80 0.734
2019-03-12 12:06:06.502 34.23402 45.56596 2.002 4.50 0.184
2019-03-16 08:29:43.324 34.68470 45.55170 2.002 3.30 0.997
2019-03-18 20:30:41.245 34.30640 45.53214 2.000 3.10 0.365
2019-04-01 14:36:58.390 34.14151 45.58014 6.390 3.30 0.259
2019-04-15 06:34:32.711 34.50368 45.71640 3.026 4.30 0.172
2019-04-23 02:59:36.650 34.35503 45.67640 8.263 3.70 0.126
2019-04-25 04:50:43.563 34.59144 45.63287 6.000 3.50 0.500
2019-05-05 03:06:50.482 34.18638 45.63409 4.340 3.30 0.247
2019-05-06 07:42:16.674 34.32880 45.64793 25.402 3.40 1.016
2019-05-11 10:28:59.539 34.86696 45.75845 4.003 5.10 0.321
2019-05-13 21:42:05.942 34.37824 45.62075 7.151 3.40 0.247
2019-05-20 03:59:42.366 34.55690 45.78469 7.042 3.20 0.237
2019-05-25 10:20:45.168 34.64383 46.35703 8.110 4.10 0.510
2019-05-25 18:26:43.151 34.85888 45.84994 8.688 4.00 0.128
2019-05-25 18:31:17.875 34.85326 45.85351 2.013 3.20 0.195
2019-05-27 20:55:35.239 34.60012 46.15566 3.998 3.80 0.425
2019-05-28 17:38:58.490 34.40467 45.53487 3.482 3.20 0.625
2019-05-30 21:04:01.946 34.46009 45.65054 2.996 3.10 0.000
2019-06-05 03:33:06.799 34.41361 45.62848 7.080 4.50 0.746
2019-06-05 03:36:17.097 34.44325 45.63181 6.538 4.80 0.300
2019-06-12 18:02:59.311 34.43456 45.65881 2.001 3.50 0.206
2019-06-23 16:52:01.072 34.44750 45.63141 4.699 4.30 0.337
2019-06-29 05:37:00.327 34.82400 46.08995 2.001 3.10 0.115
2019-07-01 09:43:42.085 34.66833 46.33049 9.708 3.10 0.671
2019-07-03 06:18:36.728 34.34835 45.85312 2.001 3.10 0.709
2019-07-10 21:29:30.081 34.34109 45.58857 10.124 3.80 0.510
2019-07-17 15:19:34.871 34.43993 45.65635 4.715 4.20 0.563
2019-07-29 20:47:10.992 34.53720 45.63658 9.157 4.40 0.292
2019-08-02 23:19:15.636 34.59700 45.82179 6.366 3.40 0.430
2019-08-03 00:26:06.841 34.59715 46.22318 4.493 4.10 0.152
2019-08-03 08:17:36.877 35.04749 45.85703 11.038 3.50 0.257
2019-08-07 16:54:32.497 34.57771 45.34396 9.208 3.40 0.230
2019-08-09 06:01:40.264 34.58565 46.17361 2.002 3.30 0.230
2019-08-12 04:52:14.759 35.24571 45.74792 8.004 3.80 0.505
2019-08-29 16:45:32.200 34.48093 45.86821 6.000 3.60 0.520
2019-09-09 22:40:55.330 34.43744 45.66154 2.002 3.80 0.379
2019-09-17 19:29:55.598 35.36754 46.36125 3.822 4.40 0.241
2019-09-17 21:46:47.893 35.32735 46.35305 6.001 3.30 0.227
2019-09-21 22:39:49.830 34.22728 45.55237 13.453 3.40 0.211
2019-09-24 10:35:16.126 34.40078 45.74066 5.791 3.70 0.223
2019-09-27 00:04:24.363 34.63246 46.32013 9.114 4.00 0.587
2019-10-17 11:48:55.815 34.60334 46.25869 3.002 3.30 0.262
2019-11-02 04:42:52.469 34.88145 46.22288 11.466 3.50 0.182
2019-11-08 18:22:31.786 34.51654 45.83778 8.192 3.60 0.690
2019-11-14 01:23:51.112 33.93289 45.63339 2.001 3.20 0.091
2019-11-20 21:47:41.070 34.11935 45.80880 7.380 3.40 0.727
2019-11-26 21:09:05.011 34.42142 45.71058 5.998 3.50 0.533
2019-11-27 07:18:57.260 34.16344 45.58818 7.545 3.40 0.498
